nhs_england_region,date,new_deaths_with_positive_test,cumulative_deaths_with_positive_test,new_deaths_without_positive_test,cumulative_deaths_without_positive_test,new_deaths_total,cumulative_deaths_total,data_subject_to_change
East Of England,2020-02-29,0,0,0,0,0,0,FALSE
East Of England,2020-03-01,0,0,0,0,0,0,FALSE
East Of England,2020-03-02,1,1,0,0,1,1,FALSE
East Of England,2020-03-03,0,1,0,0,0,1,FALSE
East Of England,2020-03-04,0,1,0,0,0,1,FALSE
East Of England,2020-03-05,0,1,0,0,0,1,FALSE
East Of England,2020-03-06,1,2,0,0,1,2,FALSE
East Of England,2020-03-07,0,2,0,0,0,2,FALSE
East Of England,2020-03-08,0,2,0,0,0,2,FALSE
East Of England,2020-03-09,1,3,0,0,1,3,FALSE
East Of England,2020-03-10,0,3,0,0,0,3,FALSE
East Of England,2020-03-11,0,3,0,0,0,3,FALSE
East Of England,2020-03-12,0,3,0,0,0,3,FALSE
East Of England,2020-03-13,1,4,0,0,1,4,FALSE
East Of England,2020-03-14,2,6,0,0,2,6,FALSE
East Of England,2020-03-15,2,8,0,0,2,8,FALSE
East Of England,2020-03-16,1,9,0,0,1,9,FALSE
East Of England,2020-03-17,1,10,0,0,1,10,FALSE
East Of England,2020-03-18,5,15,0,0,5,15,FALSE
East Of England,2020-03-19,4,19,0,0,4,19,FALSE
East Of England,2020-03-20,2,21,0,0,2,21,FALSE
East Of England,2020-03-21,11,32,0,0,11,32,FALSE
East Of England,2020-03-22,12,44,0,0,12,44,FALSE
East Of England,2020-03-23,11,55,0,0,11,55,FALSE
East Of England,2020-03-24,19,74,0,0,19,74,FALSE
East Of England,2020-03-25,26,100,0,0,26,100,FALSE
East Of England,2020-03-26,36,136,0,0,36,136,FALSE
East Of England,2020-03-27,38,174,0,0,38,174,FALSE
East Of England,2020-03-28,28,202,0,0,28,202,FALSE
East Of England,2020-03-29,43,245,0,0,43,245,FALSE
East Of England,2020-03-30,46,291,1,1,47,292,FALSE
East Of England,2020-03-31,70,361,0,1,70,362,FALSE
East Of England,2020-04-01,63,424,0,1,63,425,FALSE
East Of England,2020-04-02,65,489,0,1,65,490,FALSE
East Of England,2020-04-03,80,569,0,1,80,570,FALSE
East Of England,2020-04-04,71,640,0,1,71,641,FALSE
East Of England,2020-04-05,76,716,0,1,76,717,FALSE
East Of England,2020-04-06,71,787,0,1,71,788,FALSE
East Of England,2020-04-07,93,880,0,1,93,881,FALSE
East Of England,2020-04-08,111,991,1,2,112,993,FALSE
East Of England,2020-04-09,87,1078,0,2,87,1080,FALSE
East Of England,2020-04-10,74,1152,0,2,74,1154,FALSE
East Of England,2020-04-11,92,1244,0,2,92,1246,FALSE
East Of England,2020-04-12,100,1344,0,2,100,1346,FALSE
East Of England,2020-04-13,78,1422,0,2,78,1424,FALSE
East Of England,2020-04-14,61,1483,0,2,61,1485,FALSE
East Of England,2020-04-15,82,1565,0,2,82,1567,FALSE
East Of England,2020-04-16,74,1639,0,2,74,1641,FALSE
East Of England,2020-04-17,86,1725,0,2,86,1727,FALSE
East Of England,2020-04-18,64,1789,0,2,64,1791,FALSE
East Of England,2020-04-19,67,1856,0,2,67,1858,FALSE
East Of England,2020-04-20,67,1923,0,2,67,1925,FALSE
East Of England,2020-04-21,75,1998,0,2,75,2000,FALSE
East Of England,2020-04-22,67,2065,0,2,67,2067,FALSE
East Of England,2020-04-23,49,2114,0,2,49,2116,FALSE
East Of England,2020-04-24,66,2180,4,6,70,2186,FALSE
East Of England,2020-04-25,54,2234,1,7,55,2241,FALSE
East Of England,2020-04-26,48,2282,4,11,52,2293,FALSE
East Of England,2020-04-27,46,2328,3,14,49,2342,FALSE
East Of England,2020-04-28,58,2386,8,22,66,2408,FALSE
East Of England,2020-04-29,32,2418,6,28,38,2446,FALSE
East Of England,2020-04-30,45,2463,5,33,50,2496,FALSE
East Of England,2020-05-01,49,2512,6,39,55,2551,FALSE
East Of England,2020-05-02,29,2541,4,43,33,2584,FALSE
East Of England,2020-05-03,41,2582,3,46,44,2628,FALSE
East Of England,2020-05-04,19,2601,4,50,23,2651,FALSE
East Of England,2020-05-05,37,2638,3,53,40,2691,FALSE
East Of England,2020-05-06,32,2670,7,60,39,2730,FALSE
East Of England,2020-05-07,33,2703,3,63,36,2766,FALSE
East Of England,2020-05-08,33,2736,4,67,37,2803,FALSE
East Of England,2020-05-09,29,2765,1,68,30,2833,FALSE
East Of England,2020-05-10,22,2787,6,74,28,2861,FALSE
East Of England,2020-05-11,18,2805,5,79,23,2884,FALSE
East Of England,2020-05-12,21,2826,2,81,23,2907,FALSE
East Of England,2020-05-13,27,2853,5,86,32,2939,FALSE
East Of England,2020-05-14,26,2879,4,90,30,2969,FALSE
East Of England,2020-05-15,19,2898,2,92,21,2990,FALSE
East Of England,2020-05-16,26,2924,1,93,27,3017,FALSE
East Of England,2020-05-17,17,2941,5,98,22,3039,FALSE
East Of England,2020-05-18,25,2966,2,100,27,3066,FALSE
East Of England,2020-05-19,15,2981,7,107,22,3088,FALSE
East Of England,2020-05-20,26,3007,0,107,26,3114,FALSE
East Of England,2020-05-21,21,3028,3,110,24,3138,FALSE
East Of England,2020-05-22,13,3041,8,118,21,3159,FALSE
East Of England,2020-05-23,12,3053,4,122,16,3175,FALSE
East Of England,2020-05-24,17,3070,2,124,19,3194,FALSE
East Of England,2020-05-25,25,3095,0,124,25,3219,FALSE
East Of England,2020-05-26,14,3109,4,128,18,3237,FALSE
East Of England,2020-05-27,12,3121,4,132,16,3253,FALSE
East Of England,2020-05-28,17,3138,0,132,17,3270,FALSE
East Of England,2020-05-29,16,3154,3,135,19,3289,FALSE
East Of England,2020-05-30,9,3163,4,139,13,3302,FALSE
East Of England,2020-05-31,8,3171,3,142,11,3313,FALSE
East Of England,2020-06-01,17,3188,1,143,18,3331,FALSE
East Of England,2020-06-02,14,3202,2,145,16,3347,FALSE
East Of England,2020-06-03,10,3212,2,147,12,3359,FALSE
East Of England,2020-06-04,7,3219,0,147,7,3366,FALSE
East Of England,2020-06-05,14,3233,3,150,17,3383,FALSE
East Of England,2020-06-06,5,3238,1,151,6,3389,FALSE
East Of England,2020-06-07,9,3247,0,151,9,3398,FALSE
East Of England,2020-06-08,7,3254,1,152,8,3406,FALSE
East Of England,2020-06-09,6,3260,4,156,10,3416,FALSE
East Of England,2020-06-10,8,3268,2,158,10,3426,FALSE
East Of England,2020-06-11,1,3269,0,158,1,3427,FALSE
East Of England,2020-06-12,9,3278,0,158,9,3436,FALSE
East Of England,2020-06-13,5,3283,1,159,6,3442,FALSE
East Of England,2020-06-14,4,3287,1,160,5,3447,FALSE
East Of England,2020-06-15,8,3295,2,162,10,3457,FALSE
East Of England,2020-06-16,3,3298,0,162,3,3460,FALSE
East Of England,2020-06-17,7,3305,1,163,8,3468,FALSE
East Of England,2020-06-18,4,3309,2,165,6,3474,FALSE
East Of England,2020-06-19,7,3316,0,165,7,3481,FALSE
East Of England,2020-06-20,4,3320,1,166,5,3486,FALSE
East Of England,2020-06-21,3,3323,2,168,5,3491,FALSE
East Of England,2020-06-22,6,3329,1,169,7,3498,FALSE
East Of England,2020-06-23,5,3334,4,173,9,3507,FALSE
East Of England,2020-06-24,4,3338,0,173,4,3511,FALSE
East Of England,2020-06-25,1,3339,1,174,2,3513,FALSE
East Of England,2020-06-26,6,3345,3,177,9,3522,FALSE
East Of England,2020-06-27,6,3351,1,178,7,3529,FALSE
East Of England,2020-06-28,8,3359,0,178,8,3537,FALSE
East Of England,2020-06-29,4,3363,1,179,5,3542,FALSE
East Of England,2020-06-30,5,3368,3,182,8,3550,FALSE
East Of England,2020-07-01,2,3370,1,183,3,3553,FALSE
East Of England,2020-07-02,5,3375,0,183,5,3558,FALSE
East Of England,2020-07-03,0,3375,1,184,1,3559,FALSE
East Of England,2020-07-04,3,3378,2,186,5,3564,FALSE
East Of England,2020-07-05,1,3379,1,187,2,3566,FALSE
East Of England,2020-07-06,2,3381,0,187,2,3568,FALSE
East Of England,2020-07-07,2,3383,1,188,3,3571,FALSE
East Of England,2020-07-08,0,3383,3,191,3,3574,FALSE
East Of England,2020-07-09,8,3391,1,192,9,3583,FALSE
East Of England,2020-07-10,4,3395,2,194,6,3589,FALSE
East Of England,2020-07-11,2,3397,0,194,2,3591,FALSE
East Of England,2020-07-12,1,3398,1,195,2,3593,FALSE
East Of England,2020-07-13,8,3406,1,196,9,3602,FALSE
East Of England,2020-07-14,2,3408,1,197,3,3605,FALSE
East Of England,2020-07-15,0,3408,3,200,3,3608,FALSE
East Of England,2020-07-16,0,3408,1,201,1,3609,FALSE
East Of England,2020-07-17,0,3408,0,201,0,3609,FALSE
East Of England,2020-07-18,0,3408,0,201,0,3609,FALSE
East Of England,2020-07-19,1,3409,0,201,1,3610,FALSE
East Of England,2020-07-20,1,3410,0,201,1,3611,FALSE
East Of England,2020-07-21,1,3411,0,201,1,3612,FALSE
East Of England,2020-07-22,2,3413,1,202,3,3615,FALSE
East Of England,2020-07-23,1,3414,1,203,2,3617,FALSE
East Of England,2020-07-24,1,3415,0,203,1,3618,FALSE
East Of England,2020-07-25,0,3415,1,204,1,3619,FALSE
East Of England,2020-07-26,1,3416,0,204,1,3620,FALSE
East Of England,2020-07-27,1,3417,0,204,1,3621,FALSE
East Of England,2020-07-28,2,3419,0,204,2,3623,FALSE
East Of England,2020-07-29,0,3419,1,205,1,3624,FALSE
East Of England,2020-07-30,0,3419,1,206,1,3625,FALSE
East Of England,2020-07-31,1,3420,1,207,2,3627,FALSE
East Of England,2020-08-01,0,3420,0,207,0,3627,FALSE
East Of England,2020-08-02,0,3420,0,207,0,3627,FALSE
East Of England,2020-08-03,0,3420,0,207,0,3627,FALSE
East Of England,2020-08-04,1,3421,1,208,2,3629,FALSE
East Of England,2020-08-05,1,3422,0,208,1,3630,FALSE
East Of England,2020-08-06,0,3422,1,209,1,3631,FALSE
East Of England,2020-08-07,1,3423,0,209,1,3632,FALSE
East Of England,2020-08-08,0,3423,0,209,0,3632,FALSE
East Of England,2020-08-09,0,3423,1,210,1,3633,FALSE
East Of England,2020-08-10,1,3424,0,210,1,3634,FALSE
East Of England,2020-08-11,2,3426,0,210,2,3636,FALSE
East Of England,2020-08-12,1,3427,0,210,1,3637,FALSE
East Of England,2020-08-13,0,3427,1,211,1,3638,FALSE
East Of England,2020-08-14,1,3428,0,211,1,3639,FALSE
East Of England,2020-08-15,1,3429,2,213,3,3642,FALSE
East Of England,2020-08-16,0,3429,0,213,0,3642,FALSE
East Of England,2020-08-17,0,3429,0,213,0,3642,FALSE
East Of England,2020-08-18,2,3431,1,214,3,3645,FALSE
East Of England,2020-08-19,1,3432,1,215,2,3647,FALSE
East Of England,2020-08-20,1,3433,0,215,1,3648,FALSE
East Of England,2020-08-21,0,3433,0,215,0,3648,FALSE
East Of England,2020-08-22,1,3434,1,216,2,3650,FALSE
East Of England,2020-08-23,1,3435,0,216,1,3651,FALSE
East Of England,2020-08-24,0,3435,0,216,0,3651,FALSE
East Of England,2020-08-25,0,3435,0,216,0,3651,FALSE
East Of England,2020-08-26,1,3436,2,218,3,3654,FALSE
East Of England,2020-08-27,1,3437,0,218,1,3655,FALSE
East Of England,2020-08-28,0,3437,0,218,0,3655,FALSE
East Of England,2020-08-29,0,3437,1,219,1,3656,FALSE
East Of England,2020-08-30,0,3437,0,219,0,3656,FALSE
East Of England,2020-08-31,0,3437,0,219,0,3656,FALSE
East Of England,2020-09-01,0,3437,0,219,0,3656,FALSE
East Of England,2020-09-02,0,3437,0,219,0,3656,FALSE
East Of England,2020-09-03,1,3438,0,219,1,3657,FALSE
East Of England,2020-09-04,1,3439,0,219,1,3658,FALSE
East Of England,2020-09-05,0,3439,0,219,0,3658,FALSE
East Of England,2020-09-06,1,3440,0,219,1,3659,FALSE
East Of England,2020-09-07,0,3440,0,219,0,3659,FALSE
East Of England,2020-09-08,0,3440,1,220,1,3660,FALSE
East Of England,2020-09-09,0,3440,0,220,0,3660,FALSE
East Of England,2020-09-10,0,3440,1,221,1,3661,FALSE
East Of England,2020-09-11,0,3440,0,221,0,3661,FALSE
East Of England,2020-09-12,0,3440,0,221,0,3661,FALSE
East Of England,2020-09-13,1,3441,0,221,1,3662,FALSE
East Of England,2020-09-14,1,3442,0,221,1,3663,FALSE
East Of England,2020-09-15,0,3442,0,221,0,3663,FALSE
East Of England,2020-09-16,0,3442,0,221,0,3663,FALSE
East Of England,2020-09-17,0,3442,1,222,1,3664,FALSE
East Of England,2020-09-18,0,3442,0,222,0,3664,FALSE
East Of England,2020-09-19,0,3442,1,223,1,3665,FALSE
East Of England,2020-09-20,2,3444,0,223,2,3667,FALSE
East Of England,2020-09-21,0,3444,0,223,0,3667,FALSE
East Of England,2020-09-22,2,3446,0,223,2,3669,FALSE
East Of England,2020-09-23,1,3447,0,223,1,3670,FALSE
East Of England,2020-09-24,0,3447,0,223,0,3670,FALSE
East Of England,2020-09-25,1,3448,0,223,1,3671,FALSE
East Of England,2020-09-26,1,3449,0,223,1,3672,FALSE
East Of England,2020-09-27,1,3450,1,224,2,3674,FALSE
East Of England,2020-09-28,2,3452,0,224,2,3676,FALSE
East Of England,2020-09-29,2,3454,0,224,2,3678,FALSE
East Of England,2020-09-30,2,3456,1,225,3,3681,FALSE
East Of England,2020-10-01,2,3458,0,225,2,3683,FALSE
East Of England,2020-10-02,1,3459,0,225,1,3684,FALSE
East Of England,2020-10-03,1,3460,0,225,1,3685,FALSE
East Of England,2020-10-04,0,3460,0,225,0,3685,FALSE
East Of England,2020-10-05,0,3460,0,225,0,3685,FALSE
East Of England,2020-10-06,4,3464,0,225,4,3689,FALSE
East Of England,2020-10-07,6,3470,0,225,6,3695,FALSE
East Of England,2020-10-08,3,3473,0,225,3,3698,FALSE
East Of England,2020-10-09,1,3474,1,226,2,3700,FALSE
East Of England,2020-10-10,6,3480,0,226,6,3706,FALSE
East Of England,2020-10-11,2,3482,1,227,3,3709,FALSE
East Of England,2020-10-12,2,3484,0,227,2,3711,FALSE
East Of England,2020-10-13,1,3485,0,227,1,3712,FALSE
East Of England,2020-10-14,3,3488,0,227,3,3715,FALSE
East Of England,2020-10-15,4,3492,0,227,4,3719,FALSE
East Of England,2020-10-16,5,3497,0,227,5,3724,FALSE
East Of England,2020-10-17,6,3503,0,227,6,3730,FALSE
East Of England,2020-10-18,7,3510,1,228,8,3738,FALSE
East Of England,2020-10-19,5,3515,0,228,5,3743,FALSE
East Of England,2020-10-20,9,3524,0,228,9,3752,FALSE
East Of England,2020-10-21,8,3532,0,228,8,3760,FALSE
East Of England,2020-10-22,7,3539,1,229,8,3768,FALSE
East Of England,2020-10-23,14,3553,1,230,15,3783,FALSE
East Of England,2020-10-24,1,3554,0,230,1,3784,FALSE
East Of England,2020-10-25,10,3564,1,231,11,3795,FALSE
East Of England,2020-10-26,10,3574,0,231,10,3805,FALSE
East Of England,2020-10-27,8,3582,0,231,8,3813,FALSE
East Of England,2020-10-28,12,3594,0,231,12,3825,FALSE
East Of England,2020-10-29,10,3604,0,231,10,3835,FALSE
East Of England,2020-10-30,12,3616,0,231,12,3847,FALSE
East Of England,2020-10-31,15,3631,0,231,15,3862,FALSE
East Of England,2020-11-01,14,3645,1,232,15,3877,FALSE
East Of England,2020-11-02,9,3654,2,234,11,3888,FALSE
East Of England,2020-11-03,14,3668,0,234,14,3902,FALSE
East Of England,2020-11-04,11,3679,1,235,12,3914,FALSE
East Of England,2020-11-05,12,3691,1,236,13,3927,FALSE
East Of England,2020-11-06,19,3710,0,236,19,3946,FALSE
East Of England,2020-11-07,10,3720,0,236,10,3956,FALSE
East Of England,2020-11-08,13,3733,0,236,13,3969,FALSE
East Of England,2020-11-09,16,3749,0,236,16,3985,FALSE
East Of England,2020-11-10,26,3775,3,239,29,4014,FALSE
East Of England,2020-11-11,14,3789,1,240,15,4029,FALSE
East Of England,2020-11-12,14,3803,0,240,14,4043,FALSE
East Of England,2020-11-13,21,3824,2,242,23,4066,FALSE
East Of England,2020-11-14,19,3843,1,243,20,4086,FALSE
East Of England,2020-11-15,13,3856,3,246,16,4102,FALSE
East Of England,2020-11-16,11,3867,3,249,14,4116,FALSE
East Of England,2020-11-17,17,3884,2,251,19,4135,FALSE
East Of England,2020-11-18,19,3903,0,251,19,4154,FALSE
East Of England,2020-11-19,23,3926,5,256,28,4182,FALSE
East Of England,2020-11-20,24,3950,1,257,25,4207,FALSE
East Of England,2020-11-21,19,3969,2,259,21,4228,FALSE
East Of England,2020-11-22,21,3990,2,261,23,4251,FALSE
East Of England,2020-11-23,18,4008,1,262,19,4270,FALSE
East Of England,2020-11-24,21,4029,0,262,21,4291,FALSE
East Of England,2020-11-25,19,4048,1,263,20,4311,FALSE
East Of England,2020-11-26,19,4067,0,263,19,4330,FALSE
East Of England,2020-11-27,14,4081,1,264,15,4345,FALSE
East Of England,2020-11-28,28,4109,0,264,28,4373,FALSE
East Of England,2020-11-29,19,4128,1,265,20,4393,FALSE
East Of England,2020-11-30,22,4150,2,267,24,4417,FALSE
East Of England,2020-12-01,26,4176,1,268,27,4444,FALSE
East Of England,2020-12-02,18,4194,2,270,20,4464,FALSE
East Of England,2020-12-03,24,4218,0,270,24,4488,FALSE
East Of England,2020-12-04,25,4243,2,272,27,4515,FALSE
East Of England,2020-12-05,25,4268,1,273,26,4541,FALSE
East Of England,2020-12-06,22,4290,1,274,23,4564,FALSE
East Of England,2020-12-07,16,4306,1,275,17,4581,FALSE
East Of England,2020-12-08,26,4332,2,277,28,4609,FALSE
East Of England,2020-12-09,20,4352,0,277,20,4629,FALSE
East Of England,2020-12-10,32,4384,1,278,33,4662,FALSE
East Of England,2020-12-11,32,4416,1,279,33,4695,FALSE
East Of England,2020-12-12,27,4443,0,279,27,4722,FALSE
East Of England,2020-12-13,25,4468,0,279,25,4747,FALSE
East Of England,2020-12-14,32,4500,5,284,37,4784,FALSE
East Of England,2020-12-15,35,4535,2,286,37,4821,FALSE
East Of England,2020-12-16,29,4564,2,288,31,4852,FALSE
East Of England,2020-12-17,44,4608,1,289,45,4897,FALSE
East Of England,2020-12-18,44,4652,2,291,46,4943,FALSE
East Of England,2020-12-19,54,4706,1,292,55,4998,FALSE
East Of England,2020-12-20,52,4758,1,293,53,5051,FALSE
East Of England,2020-12-21,66,4824,2,295,68,5119,FALSE
East Of England,2020-12-22,52,4876,8,303,60,5179,FALSE
East Of England,2020-12-23,62,4938,3,306,65,5244,FALSE
East Of England,2020-12-24,61,4999,3,309,64,5308,FALSE
East Of England,2020-12-25,58,5057,2,311,60,5368,FALSE
East Of England,2020-12-26,64,5121,4,315,68,5436,FALSE
East Of England,2020-12-27,54,5175,0,315,54,5490,FALSE
East Of England,2020-12-28,71,5246,3,318,74,5564,FALSE
East Of England,2020-12-29,55,5301,1,319,56,5620,FALSE
East Of England,2020-12-30,76,5377,6,325,82,5702,FALSE
East Of England,2020-12-31,82,5459,4,329,86,5788,FALSE
East Of England,2021-01-01,90,5549,2,331,92,5880,FALSE
East Of England,2021-01-02,66,5615,5,336,71,5951,FALSE
East Of England,2021-01-03,79,5694,12,348,91,6042,FALSE
East Of England,2021-01-04,88,5782,5,353,93,6135,FALSE
East Of England,2021-01-05,103,5885,8,361,111,6246,FALSE
East Of England,2021-01-06,100,5985,5,366,105,6351,FALSE
East Of England,2021-01-07,114,6099,8,374,122,6473,FALSE
East Of England,2021-01-08,97,6196,6,380,103,6576,FALSE
East Of England,2021-01-09,133,6329,10,390,143,6719,FALSE
East Of England,2021-01-10,125,6454,6,396,131,6850,FALSE
East Of England,2021-01-11,126,6580,5,401,131,6981,FALSE
East Of England,2021-01-12,131,6711,10,411,141,7122,FALSE
East Of England,2021-01-13,131,6842,10,421,141,7263,FALSE
East Of England,2021-01-14,128,6970,3,424,131,7394,FALSE
East Of England,2021-01-15,119,7089,7,431,126,7520,FALSE
East Of England,2021-01-16,132,7221,8,439,140,7660,FALSE
East Of England,2021-01-17,134,7355,13,452,147,7807,FALSE
East Of England,2021-01-18,121,7476,3,455,124,7931,FALSE
East Of England,2021-01-19,129,7605,3,458,132,8063,FALSE
East Of England,2021-01-20,148,7753,6,464,154,8217,FALSE
East Of England,2021-01-21,136,7889,6,470,142,8359,FALSE
East Of England,2021-01-22,123,8012,9,479,132,8491,FALSE
East Of England,2021-01-23,102,8114,9,488,111,8602,FALSE
East Of England,2021-01-24,101,8215,1,489,102,8704,FALSE
East Of England,2021-01-25,114,8329,7,496,121,8825,FALSE
East Of England,2021-01-26,89,8418,7,503,96,8921,FALSE
East Of England,2021-01-27,94,8512,7,510,101,9022,FALSE
East Of England,2021-01-28,111,8623,12,522,123,9145,FALSE
East Of England,2021-01-29,96,8719,5,527,101,9246,FALSE
East Of England,2021-01-30,85,8804,6,533,91,9337,FALSE
East Of England,2021-01-31,74,8878,8,541,82,9419,FALSE
East Of England,2021-02-01,67,8945,4,545,71,9490,FALSE
East Of England,2021-02-02,75,9020,3,548,78,9568,FALSE
East Of England,2021-02-03,82,9102,7,555,89,9657,FALSE
East Of England,2021-02-04,75,9177,11,566,86,9743,FALSE
East Of England,2021-02-05,66,9243,10,576,76,9819,FALSE
East Of England,2021-02-06,78,9321,6,582,84,9903,FALSE
East Of England,2021-02-07,62,9383,3,585,65,9968,FALSE
East Of England,2021-02-08,74,9457,4,589,78,10046,FALSE
East Of England,2021-02-09,63,9520,5,594,68,10114,FALSE
East Of England,2021-02-10,53,9573,9,603,62,10176,FALSE
East Of England,2021-02-11,52,9625,7,610,59,10235,FALSE
East Of England,2021-02-12,47,9672,3,613,50,10285,FALSE
East Of England,2021-02-13,47,9719,5,618,52,10337,FALSE
East Of England,2021-02-14,33,9752,4,622,37,10374,FALSE
East Of England,2021-02-15,48,9800,4,626,52,10426,FALSE
East Of England,2021-02-16,47,9847,5,631,52,10478,FALSE
East Of England,2021-02-17,46,9893,4,635,50,10528,FALSE
East Of England,2021-02-18,31,9924,7,642,38,10566,FALSE
East Of England,2021-02-19,29,9953,7,649,36,10602,FALSE
East Of England,2021-02-20,31,9984,7,656,38,10640,FALSE
East Of England,2021-02-21,25,10009,2,658,27,10667,FALSE
East Of England,2021-02-22,26,10035,2,660,28,10695,FALSE
East Of England,2021-02-23,28,10063,1,661,29,10724,FALSE
East Of England,2021-02-24,19,10082,6,667,25,10749,FALSE
East Of England,2021-02-25,24,10106,3,670,27,10776,FALSE
East Of England,2021-02-26,15,10121,5,675,20,10796,FALSE
East Of England,2021-02-27,23,10144,5,680,28,10824,FALSE
East Of England,2021-02-28,18,10162,1,681,19,10843,FALSE
East Of England,2021-03-01,18,10180,3,684,21,10864,FALSE
East Of England,2021-03-02,19,10199,3,687,22,10886,FALSE
East Of England,2021-03-03,12,10211,3,690,15,10901,FALSE
East Of England,2021-03-04,19,10230,5,695,24,10925,FALSE
East Of England,2021-03-05,13,10243,2,697,15,10940,FALSE
East Of England,2021-03-06,12,10255,3,700,15,10955,FALSE
East Of England,2021-03-07,16,10271,5,705,21,10976,FALSE
East Of England,2021-03-08,15,10286,2,707,17,10993,FALSE
East Of England,2021-03-09,12,10298,4,711,16,11009,FALSE
East Of England,2021-03-10,9,10307,2,713,11,11020,FALSE
East Of England,2021-03-11,11,10318,4,717,15,11035,FALSE
East Of England,2021-03-12,4,10322,4,721,8,11043,FALSE
East Of England,2021-03-13,11,10333,1,722,12,11055,FALSE
East Of England,2021-03-14,6,10339,1,723,7,11062,FALSE
East Of England,2021-03-15,6,10345,2,725,8,11070,FALSE
East Of England,2021-03-16,8,10353,0,725,8,11078,FALSE
East Of England,2021-03-17,9,10362,5,730,14,11092,FALSE
East Of England,2021-03-18,2,10364,2,732,4,11096,FALSE
East Of England,2021-03-19,4,10368,2,734,6,11102,FALSE
East Of England,2021-03-20,5,10373,2,736,7,11109,FALSE
East Of England,2021-03-21,9,10382,1,737,10,11119,FALSE
East Of England,2021-03-22,3,10385,2,739,5,11124,FALSE
East Of England,2021-03-23,8,10393,0,739,8,11132,FALSE
East Of England,2021-03-24,4,10397,2,741,6,11138,FALSE
East Of England,2021-03-25,6,10403,0,741,6,11144,FALSE
East Of England,2021-03-26,1,10404,3,744,4,11148,FALSE
East Of England,2021-03-27,3,10407,1,745,4,11152,FALSE
East Of England,2021-03-28,3,10410,0,745,3,11155,FALSE
East Of England,2021-03-29,5,10415,1,746,6,11161,FALSE
East Of England,2021-03-30,6,10421,2,748,8,11169,FALSE
East Of England,2021-03-31,2,10423,0,748,2,11171,FALSE
East Of England,2021-04-01,3,10426,2,750,5,11176,FALSE
East Of England,2021-04-02,2,10428,0,750,2,11178,FALSE
East Of England,2021-04-03,6,10434,0,750,6,11184,FALSE
East Of England,2021-04-04,4,10438,1,751,5,11189,FALSE
East Of England,2021-04-05,0,10438,3,754,3,11192,FALSE
East Of England,2021-04-06,0,10438,1,755,1,11193,FALSE
East Of England,2021-04-07,2,10440,2,757,4,11197,FALSE
East Of England,2021-04-08,4,10444,2,759,6,11203,FALSE
East Of England,2021-04-09,2,10446,1,760,3,11206,FALSE
East Of England,2021-04-10,6,10452,2,762,8,11214,FALSE
East Of England,2021-04-11,1,10453,0,762,1,11215,FALSE
East Of England,2021-04-12,1,10454,1,763,2,11217,FALSE
East Of England,2021-04-13,3,10457,2,765,5,11222,FALSE
East Of England,2021-04-14,1,10458,1,766,2,11224,FALSE
East Of England,2021-04-15,2,10460,1,767,3,11227,FALSE
East Of England,2021-04-16,4,10464,1,768,5,11232,FALSE
East Of England,2021-04-17,1,10465,1,769,2,11234,FALSE
East Of England,2021-04-18,3,10468,0,769,3,11237,FALSE
East Of England,2021-04-19,1,10469,0,769,1,11238,FALSE
East Of England,2021-04-20,3,10472,0,769,3,11241,FALSE
East Of England,2021-04-21,2,10474,1,770,3,11244,FALSE
East Of England,2021-04-22,0,10474,0,770,0,11244,FALSE
East Of England,2021-04-23,4,10478,2,772,6,11250,FALSE
East Of England,2021-04-24,0,10478,0,772,0,11250,FALSE
East Of England,2021-04-25,4,10482,0,772,4,11254,FALSE
East Of England,2021-04-26,1,10483,0,772,1,11255,FALSE
East Of England,2021-04-27,4,10487,0,772,4,11259,FALSE
East Of England,2021-04-28,2,10489,1,773,3,11262,FALSE
East Of England,2021-04-29,0,10489,0,773,0,11262,FALSE
East Of England,2021-04-30,1,10490,0,773,1,11263,FALSE
East Of England,2021-05-01,0,10490,0,773,0,11263,FALSE
East Of England,2021-05-02,0,10490,0,773,0,11263,FALSE
East Of England,2021-05-03,0,10490,0,773,0,11263,FALSE
East Of England,2021-05-04,0,10490,1,774,1,11264,FALSE
East Of England,2021-05-05,2,10492,1,775,3,11267,FALSE
East Of England,2021-05-06,4,10496,0,775,4,11271,FALSE
East Of England,2021-05-07,0,10496,0,775,0,11271,FALSE
East Of England,2021-05-08,2,10498,1,776,3,11274,FALSE
East Of England,2021-05-09,0,10498,0,776,0,11274,FALSE
East Of England,2021-05-10,0,10498,0,776,0,11274,FALSE
East Of England,2021-05-11,4,10502,0,776,4,11278,FALSE
East Of England,2021-05-12,0,10502,0,776,0,11278,FALSE
East Of England,2021-05-13,0,10502,1,777,1,11279,FALSE
East Of England,2021-05-14,0,10502,0,777,0,11279,FALSE
East Of England,2021-05-15,0,10502,0,777,0,11279,FALSE
East Of England,2021-05-16,1,10503,1,778,2,11281,FALSE
East Of England,2021-05-17,0,10503,0,778,0,11281,FALSE
East Of England,2021-05-18,1,10504,0,778,1,11282,FALSE
East Of England,2021-05-19,0,10504,0,778,0,11282,FALSE
East Of England,2021-05-20,0,10504,0,778,0,11282,FALSE
East Of England,2021-05-21,1,10505,1,779,2,11284,FALSE
East Of England,2021-05-22,0,10505,0,779,0,11284,FALSE
East Of England,2021-05-23,0,10505,0,779,0,11284,FALSE
East Of England,2021-05-24,0,10505,1,780,1,11285,FALSE
East Of England,2021-05-25,0,10505,0,780,0,11285,FALSE
East Of England,2021-05-26,2,10507,0,780,2,11287,FALSE
East Of England,2021-05-27,0,10507,1,781,1,11288,FALSE
East Of England,2021-05-28,0,10507,0,781,0,11288,FALSE
East Of England,2021-05-29,0,10507,0,781,0,11288,FALSE
East Of England,2021-05-30,1,10508,1,782,2,11290,FALSE
East Of England,2021-05-31,1,10509,0,782,1,11291,FALSE
East Of England,2021-06-01,0,10509,0,782,0,11291,FALSE
East Of England,2021-06-02,1,10510,1,783,2,11293,FALSE
East Of England,2021-06-03,0,10510,0,783,0,11293,FALSE
East Of England,2021-06-04,0,10510,0,783,0,11293,FALSE
East Of England,2021-06-05,0,10510,0,783,0,11293,FALSE
East Of England,2021-06-06,0,10510,0,783,0,11293,FALSE
East Of England,2021-06-07,0,10510,0,783,0,11293,FALSE
East Of England,2021-06-08,1,10511,0,783,1,11294,FALSE
East Of England,2021-06-09,0,10511,0,783,0,11294,FALSE
East Of England,2021-06-10,1,10512,0,783,1,11295,FALSE
East Of England,2021-06-11,0,10512,2,785,2,11297,FALSE
East Of England,2021-06-12,0,10512,1,786,1,11298,FALSE
East Of England,2021-06-13,0,10512,0,786,0,11298,FALSE
East Of England,2021-06-14,0,10512,0,786,0,11298,FALSE
East Of England,2021-06-15,1,10513,0,786,1,11299,FALSE
East Of England,2021-06-16,2,10515,0,786,2,11301,FALSE
East Of England,2021-06-17,0,10515,1,787,1,11302,FALSE
East Of England,2021-06-18,0,10515,1,788,1,11303,FALSE
East Of England,2021-06-19,0,10515,1,789,1,11304,FALSE
East Of England,2021-06-20,0,10515,0,789,0,11304,FALSE
East Of England,2021-06-21,1,10516,0,789,1,11305,FALSE
East Of England,2021-06-22,1,10517,0,789,1,11306,FALSE
East Of England,2021-06-23,0,10517,0,789,0,11306,FALSE
East Of England,2021-06-24,0,10517,0,789,0,11306,FALSE
East Of England,2021-06-25,0,10517,0,789,0,11306,FALSE
East Of England,2021-06-26,0,10517,0,789,0,11306,FALSE
East Of England,2021-06-27,1,10518,1,790,2,11308,FALSE
East Of England,2021-06-28,1,10519,0,790,1,11309,FALSE
East Of England,2021-06-29,0,10519,0,790,0,11309,FALSE
East Of England,2021-06-30,1,10520,0,790,1,11310,FALSE
East Of England,2021-07-01,0,10520,1,791,1,11311,FALSE
East Of England,2021-07-02,1,10521,0,791,1,11312,FALSE
East Of England,2021-07-03,1,10522,0,791,1,11313,FALSE
East Of England,2021-07-04,0,10522,0,791,0,11313,FALSE
East Of England,2021-07-05,2,10524,0,791,2,11315,FALSE
East Of England,2021-07-06,0,10524,0,791,0,11315,FALSE
East Of England,2021-07-07,2,10526,0,791,2,11317,FALSE
East Of England,2021-07-08,3,10529,0,791,3,11320,FALSE
East Of England,2021-07-09,2,10531,1,792,3,11323,FALSE
East Of England,2021-07-10,2,10533,0,792,2,11325,FALSE
East Of England,2021-07-11,1,10534,0,792,1,11326,FALSE
East Of England,2021-07-12,1,10535,1,793,2,11328,FALSE
East Of England,2021-07-13,1,10536,0,793,1,11329,FALSE
East Of England,2021-07-14,0,10536,0,793,0,11329,FALSE
East Of England,2021-07-15,2,10538,0,793,2,11331,FALSE
East Of England,2021-07-16,2,10540,0,793,2,11333,FALSE
East Of England,2021-07-17,1,10541,0,793,1,11334,FALSE
East Of England,2021-07-18,3,10544,0,793,3,11337,FALSE
East Of England,2021-07-19,3,10547,0,793,3,11340,FALSE
East Of England,2021-07-20,5,10552,0,793,5,11345,FALSE
East Of England,2021-07-21,0,10552,1,794,1,11346,FALSE
East Of England,2021-07-22,2,10554,0,794,2,11348,FALSE
East Of England,2021-07-23,7,10561,2,796,9,11357,FALSE
East Of England,2021-07-24,7,10568,0,796,7,11364,FALSE
East Of England,2021-07-25,2,10570,0,796,2,11366,FALSE
East Of England,2021-07-26,3,10573,0,796,3,11369,FALSE
East Of England,2021-07-27,5,10578,1,797,6,11375,FALSE
East Of England,2021-07-28,4,10582,0,797,4,11379,FALSE
East Of England,2021-07-29,3,10585,0,797,3,11382,FALSE
East Of England,2021-07-30,4,10589,0,797,4,11386,FALSE
East Of England,2021-07-31,8,10597,0,797,8,11394,FALSE
East Of England,2021-08-01,1,10598,0,797,1,11395,FALSE
East Of England,2021-08-02,6,10604,0,797,6,11401,FALSE
East Of England,2021-08-03,5,10609,0,797,5,11406,FALSE
East Of England,2021-08-04,3,10612,1,798,4,11410,FALSE
East Of England,2021-08-05,1,10613,0,798,1,11411,FALSE
East Of England,2021-08-06,6,10619,0,798,6,11417,FALSE
East Of England,2021-08-07,5,10624,0,798,5,11422,FALSE
East Of England,2021-08-08,7,10631,0,798,7,11429,FALSE
East Of England,2021-08-09,4,10635,3,801,7,11436,FALSE
East Of England,2021-08-10,5,10640,0,801,5,11441,FALSE
East Of England,2021-08-11,3,10643,0,801,3,11444,FALSE
East Of England,2021-08-12,6,10649,0,801,6,11450,FALSE
East Of England,2021-08-13,3,10652,0,801,3,11453,FALSE
East Of England,2021-08-14,7,10659,0,801,7,11460,FALSE
East Of England,2021-08-15,9,10668,0,801,9,11469,FALSE
East Of England,2021-08-16,7,10675,1,802,8,11477,FALSE
East Of England,2021-08-17,6,10681,1,803,7,11484,FALSE
East Of England,2021-08-18,7,10688,1,804,8,11492,FALSE
East Of England,2021-08-19,5,10693,1,805,6,11498,FALSE
East Of England,2021-08-20,7,10700,1,806,8,11506,FALSE
East Of England,2021-08-21,10,10710,0,806,10,11516,FALSE
East Of England,2021-08-22,6,10716,2,808,8,11524,FALSE
East Of England,2021-08-23,8,10724,0,808,8,11532,FALSE
East Of England,2021-08-24,7,10731,0,808,7,11539,FALSE
East Of England,2021-08-25,9,10740,1,809,10,11549,FALSE
East Of England,2021-08-26,15,10755,0,809,15,11564,FALSE
East Of England,2021-08-27,11,10766,0,809,11,11575,FALSE
East Of England,2021-08-28,4,10770,0,809,4,11579,FALSE
East Of England,2021-08-29,10,10780,1,810,11,11590,FALSE
East Of England,2021-08-30,5,10785,0,810,5,11595,FALSE
East Of England,2021-08-31,4,10789,1,811,5,11600,FALSE
East Of England,2021-09-01,5,10794,0,811,5,11605,FALSE
East Of England,2021-09-02,9,10803,1,812,10,11615,FALSE
East Of England,2021-09-03,14,10817,2,814,16,11631,FALSE
East Of England,2021-09-04,12,10829,0,814,12,11643,FALSE
East Of England,2021-09-05,12,10841,0,814,12,11655,FALSE
East Of England,2021-09-06,9,10850,1,815,10,11665,FALSE
East Of England,2021-09-07,11,10861,0,815,11,11676,FALSE
East Of England,2021-09-08,5,10866,1,816,6,11682,FALSE
East Of England,2021-09-09,4,10870,0,816,4,11686,FALSE
East Of England,2021-09-10,7,10877,0,816,7,11693,FALSE
East Of England,2021-09-11,11,10888,1,817,12,11705,FALSE
East Of England,2021-09-12,12,10900,0,817,12,11717,FALSE
East Of England,2021-09-13,6,10906,0,817,6,11723,FALSE
East Of England,2021-09-14,14,10920,2,819,16,11739,FALSE
East Of England,2021-09-15,8,10928,0,819,8,11747,FALSE
East Of England,2021-09-16,11,10939,2,821,13,11760,FALSE
East Of England,2021-09-17,15,10954,0,821,15,11775,FALSE
East Of England,2021-09-18,11,10965,1,822,12,11787,FALSE
East Of England,2021-09-19,12,10977,2,824,14,11801,FALSE
East Of England,2021-09-20,10,10987,1,825,11,11812,FALSE
East Of England,2021-09-21,8,10995,0,825,8,11820,FALSE
East Of England,2021-09-22,10,11005,0,825,10,11830,FALSE
East Of England,2021-09-23,10,11015,0,825,10,11840,FALSE
East Of England,2021-09-24,7,11022,1,826,8,11848,FALSE
East Of England,2021-09-25,2,11024,2,828,4,11852,FALSE
East Of England,2021-09-26,6,11030,1,829,7,11859,FALSE
East Of England,2021-09-27,1,11031,1,830,2,11861,FALSE
East Of England,2021-09-28,7,11038,2,832,9,11870,FALSE
East Of England,2021-09-29,3,11041,3,835,6,11876,FALSE
East Of England,2021-09-30,4,11045,0,835,4,11880,FALSE
East Of England,2021-10-01,6,11051,2,837,8,11888,FALSE
East Of England,2021-10-02,4,11055,0,837,4,11892,FALSE
East Of England,2021-10-03,5,11060,0,837,5,11897,FALSE
East Of England,2021-10-04,3,11063,0,837,3,11900,FALSE
East Of England,2021-10-05,6,11069,0,837,6,11906,FALSE
East Of England,2021-10-06,7,11076,0,837,7,11913,FALSE
East Of England,2021-10-07,6,11082,0,837,6,11919,FALSE
East Of England,2021-10-08,8,11090,0,837,8,11927,FALSE
East Of England,2021-10-09,5,11095,0,837,5,11932,FALSE
East Of England,2021-10-10,4,11099,1,838,5,11937,FALSE
East Of England,2021-10-11,4,11103,1,839,5,11942,FALSE
East Of England,2021-10-12,5,11108,0,839,5,11947,FALSE
East Of England,2021-10-13,5,11113,0,839,5,11952,FALSE
East Of England,2021-10-14,6,11119,0,839,6,11958,FALSE
East Of England,2021-10-15,8,11127,1,840,9,11967,FALSE
East Of England,2021-10-16,9,11136,0,840,9,11976,FALSE
East Of England,2021-10-17,5,11141,0,840,5,11981,FALSE
East Of England,2021-10-18,6,11147,0,840,6,11987,FALSE
East Of England,2021-10-19,16,11163,0,840,16,12003,FALSE
East Of England,2021-10-20,9,11172,0,840,9,12012,FALSE
East Of England,2021-10-21,9,11181,1,841,10,12022,FALSE
East Of England,2021-10-22,10,11191,0,841,10,12032,FALSE
East Of England,2021-10-23,10,11201,0,841,10,12042,FALSE
East Of England,2021-10-24,11,11212,2,843,13,12055,FALSE
East Of England,2021-10-25,14,11226,0,843,14,12069,FALSE
East Of England,2021-10-26,11,11237,3,846,14,12083,FALSE
East Of England,2021-10-27,16,11253,0,846,16,12099,FALSE
East Of England,2021-10-28,11,11264,0,846,11,12110,FALSE
East Of England,2021-10-29,18,11282,1,847,19,12129,FALSE
East Of England,2021-10-30,10,11292,1,848,11,12140,FALSE
East Of England,2021-10-31,11,11303,2,850,13,12153,FALSE
East Of England,2021-11-01,17,11320,1,851,18,12171,FALSE
East Of England,2021-11-02,14,11334,0,851,14,12185,FALSE
East Of England,2021-11-03,15,11349,2,853,17,12202,FALSE
East Of England,2021-11-04,7,11356,0,853,7,12209,FALSE
East Of England,2021-11-05,7,11363,1,854,8,12217,FALSE
East Of England,2021-11-06,9,11372,0,854,9,12226,FALSE
East Of England,2021-11-07,10,11382,0,854,10,12236,FALSE
East Of England,2021-11-08,14,11396,0,854,14,12250,FALSE
East Of England,2021-11-09,12,11408,2,856,14,12264,FALSE
East Of England,2021-11-10,13,11421,0,856,13,12277,FALSE
East Of England,2021-11-11,6,11427,2,858,8,12285,FALSE
East Of England,2021-11-12,8,11435,2,860,10,12295,FALSE
East Of England,2021-11-13,10,11445,1,861,11,12306,FALSE
East Of England,2021-11-14,7,11452,2,863,9,12315,FALSE
East Of England,2021-11-15,13,11465,1,864,14,12329,FALSE
East Of England,2021-11-16,9,11474,1,865,10,12339,FALSE
East Of England,2021-11-17,8,11482,1,866,9,12348,FALSE
East Of England,2021-11-18,12,11494,0,866,12,12360,FALSE
East Of England,2021-11-19,14,11508,2,868,16,12376,FALSE
East Of England,2021-11-20,12,11520,0,868,12,12388,FALSE
East Of England,2021-11-21,12,11532,0,868,12,12400,FALSE
East Of England,2021-11-22,8,11540,2,870,10,12410,FALSE
East Of England,2021-11-23,15,11555,1,871,16,12426,FALSE
East Of England,2021-11-24,12,11567,0,871,12,12438,FALSE
East Of England,2021-11-25,8,11575,0,871,8,12446,FALSE
East Of England,2021-11-26,6,11581,2,873,8,12454,FALSE
East Of England,2021-11-27,9,11590,2,875,11,12465,FALSE
East Of England,2021-11-28,7,11597,2,877,9,12474,FALSE
East Of England,2021-11-29,8,11605,1,878,9,12483,FALSE
East Of England,2021-11-30,3,11608,2,880,5,12488,FALSE
East Of England,2021-12-01,7,11615,2,882,9,12497,FALSE
East Of England,2021-12-02,13,11628,2,884,15,12512,FALSE
East Of England,2021-12-03,11,11639,0,884,11,12523,FALSE
East Of England,2021-12-04,19,11658,1,885,20,12543,FALSE
East Of England,2021-12-05,8,11666,2,887,10,12553,FALSE
East Of England,2021-12-06,6,11672,0,887,6,12559,FALSE
East Of England,2021-12-07,6,11678,1,888,7,12566,FALSE
East Of England,2021-12-08,11,11689,2,890,13,12579,FALSE
East Of England,2021-12-09,6,11695,0,890,6,12585,FALSE
East Of England,2021-12-10,9,11704,1,891,10,12595,FALSE
East Of England,2021-12-11,6,11710,1,892,7,12602,FALSE
East Of England,2021-12-12,4,11714,1,893,5,12607,FALSE
East Of England,2021-12-13,9,11723,1,894,10,12617,FALSE
East Of England,2021-12-14,8,11731,0,894,8,12625,FALSE
East Of England,2021-12-15,10,11741,0,894,10,12635,FALSE
East Of England,2021-12-16,8,11749,2,896,10,12645,FALSE
East Of England,2021-12-17,11,11760,0,896,11,12656,FALSE
East Of England,2021-12-18,6,11766,0,896,6,12662,FALSE
East Of England,2021-12-19,5,11771,0,896,5,12667,FALSE
East Of England,2021-12-20,12,11783,1,897,13,12680,FALSE
East Of England,2021-12-21,6,11789,1,898,7,12687,FALSE
East Of England,2021-12-22,10,11799,1,899,11,12698,FALSE
East Of England,2021-12-23,13,11812,1,900,14,12712,FALSE
East Of England,2021-12-24,8,11820,1,901,9,12721,FALSE
East Of England,2021-12-25,3,11823,0,901,3,12724,FALSE
East Of England,2021-12-26,8,11831,1,902,9,12733,FALSE
East Of England,2021-12-27,8,11839,2,904,10,12743,FALSE
East Of England,2021-12-28,19,11858,0,904,19,12762,FALSE
East Of England,2021-12-29,9,11867,1,905,10,12772,FALSE
East Of England,2021-12-30,13,11880,1,906,14,12786,FALSE
East Of England,2021-12-31,9,11889,0,906,9,12795,FALSE
East Of England,2022-01-01,5,11894,1,907,6,12801,FALSE
East Of England,2022-01-02,18,11912,1,908,19,12820,FALSE
East Of England,2022-01-03,11,11923,0,908,11,12831,FALSE
East Of England,2022-01-04,16,11939,2,910,18,12849,FALSE
East Of England,2022-01-05,23,11962,1,911,24,12873,FALSE
East Of England,2022-01-06,15,11977,0,911,15,12888,FALSE
East Of England,2022-01-07,14,11991,2,913,16,12904,FALSE
East Of England,2022-01-08,19,12010,4,917,23,12927,FALSE
East Of England,2022-01-09,12,12022,1,918,13,12940,FALSE
East Of England,2022-01-10,27,12049,1,919,28,12968,FALSE
East Of England,2022-01-11,16,12065,4,923,20,12988,FALSE
East Of England,2022-01-12,18,12083,0,923,18,13006,FALSE
East Of England,2022-01-13,14,12097,0,923,14,13020,FALSE
East Of England,2022-01-14,21,12118,3,926,24,13044,FALSE
East Of England,2022-01-15,15,12133,0,926,15,13059,FALSE
East Of England,2022-01-16,13,12146,1,927,14,13073,FALSE
East Of England,2022-01-17,19,12165,1,928,20,13093,FALSE
East Of England,2022-01-18,14,12179,1,929,15,13108,FALSE
East Of England,2022-01-19,19,12198,2,931,21,13129,FALSE
East Of England,2022-01-20,11,12209,1,932,12,13141,FALSE
East Of England,2022-01-21,20,12229,3,935,23,13164,FALSE
East Of England,2022-01-22,14,12243,2,937,16,13180,FALSE
East Of England,2022-01-23,20,12263,0,937,20,13200,FALSE
East Of England,2022-01-24,22,12285,3,940,25,13225,FALSE
East Of England,2022-01-25,12,12297,2,942,14,13239,FALSE
East Of England,2022-01-26,14,12311,2,944,16,13255,FALSE
East Of England,2022-01-27,18,12329,0,944,18,13273,FALSE
East Of England,2022-01-28,18,12347,1,945,19,13292,FALSE
East Of England,2022-01-29,18,12365,1,946,19,13311,FALSE
East Of England,2022-01-30,16,12381,2,948,18,13329,FALSE
East Of England,2022-01-31,13,12394,0,948,13,13342,FALSE
East Of England,2022-02-01,12,12406,2,950,14,13356,FALSE
East Of England,2022-02-02,12,12418,0,950,12,13368,FALSE
East Of England,2022-02-03,12,12430,1,951,13,13381,FALSE
East Of England,2022-02-04,14,12444,2,953,16,13397,FALSE
East Of England,2022-02-05,17,12461,1,954,18,13415,FALSE
East Of England,2022-02-06,13,12474,1,955,14,13429,FALSE
East Of England,2022-02-07,17,12491,1,956,18,13447,FALSE
East Of England,2022-02-08,11,12502,1,957,12,13459,FALSE
East Of England,2022-02-09,10,12512,0,957,10,13469,FALSE
East Of England,2022-02-10,13,12525,0,957,13,13482,FALSE
East Of England,2022-02-11,11,12536,1,958,12,13494,FALSE
East Of England,2022-02-12,17,12553,1,959,18,13512,FALSE
East Of England,2022-02-13,7,12560,0,959,7,13519,FALSE
East Of England,2022-02-14,11,12571,2,961,13,13532,FALSE
East Of England,2022-02-15,19,12590,0,961,19,13551,FALSE
East Of England,2022-02-16,10,12600,1,962,11,13562,FALSE
East Of England,2022-02-17,8,12608,3,965,11,13573,FALSE
East Of England,2022-02-18,9,12617,2,967,11,13584,FALSE
East Of England,2022-02-19,11,12628,0,967,11,13595,FALSE
East Of England,2022-02-20,7,12635,1,968,8,13603,FALSE
East Of England,2022-02-21,16,12651,0,968,16,13619,FALSE
East Of England,2022-02-22,11,12662,2,970,13,13632,FALSE
East Of England,2022-02-23,13,12675,2,972,15,13647,FALSE
East Of England,2022-02-24,12,12687,3,975,15,13662,FALSE
East Of England,2022-02-25,9,12696,1,976,10,13672,FALSE
East Of England,2022-02-26,10,12706,0,976,10,13682,FALSE
East Of England,2022-02-27,7,12713,3,979,10,13692,FALSE
East Of England,2022-02-28,12,12725,1,980,13,13705,FALSE
East Of England,2022-03-01,14,12739,0,980,14,13719,FALSE
East Of England,2022-03-02,13,12752,0,980,13,13732,FALSE
East Of England,2022-03-03,17,12769,0,980,17,13749,FALSE
East Of England,2022-03-04,10,12779,1,981,11,13760,FALSE
East Of England,2022-03-05,9,12788,2,983,11,13771,FALSE
East Of England,2022-03-06,9,12797,1,984,10,13781,FALSE
East Of England,2022-03-07,10,12807,0,984,10,13791,FALSE
East Of England,2022-03-08,13,12820,0,984,13,13804,FALSE
East Of England,2022-03-09,18,12838,1,985,19,13823,FALSE
East Of England,2022-03-10,11,12849,0,985,11,13834,FALSE
East Of England,2022-03-11,17,12866,1,986,18,13852,FALSE
East Of England,2022-03-12,12,12878,1,987,13,13865,FALSE
East Of England,2022-03-13,12,12890,1,988,13,13878,FALSE
East Of England,2022-03-14,13,12903,1,989,14,13892,FALSE
East Of England,2022-03-15,14,12917,0,989,14,13906,FALSE
East Of England,2022-03-16,8,12925,2,991,10,13916,FALSE
East Of England,2022-03-17,14,12939,0,991,14,13930,FALSE
East Of England,2022-03-18,16,12955,0,991,16,13946,FALSE
East Of England,2022-03-19,15,12970,1,992,16,13962,FALSE
East Of England,2022-03-20,15,12985,0,992,15,13977,FALSE
East Of England,2022-03-21,15,13000,0,992,15,13992,FALSE
East Of England,2022-03-22,17,13017,1,993,18,14010,FALSE
East Of England,2022-03-23,16,13033,1,994,17,14027,FALSE
East Of England,2022-03-24,16,13049,0,994,16,14043,FALSE
East Of England,2022-03-25,24,13073,0,994,24,14067,FALSE
East Of England,2022-03-26,14,13087,0,994,14,14081,FALSE
East Of England,2022-03-27,19,13106,1,995,20,14101,FALSE
East Of England,2022-03-28,16,13122,2,997,18,14119,FALSE
East Of England,2022-03-29,16,13138,0,997,16,14135,FALSE
East Of England,2022-03-30,18,13156,0,997,18,14153,FALSE
East Of England,2022-03-31,22,13178,1,998,23,14176,FALSE
East Of England,2022-04-01,19,13197,1,999,20,14196,FALSE
East Of England,2022-04-02,27,13224,1,1000,28,14224,FALSE
East Of England,2022-04-03,20,13244,1,1001,21,14245,FALSE
East Of England,2022-04-04,14,13258,1,1002,15,14260,FALSE
East Of England,2022-04-05,13,13271,3,1005,16,14276,FALSE
East Of England,2022-04-06,16,13287,0,1005,16,14292,FALSE
East Of England,2022-04-07,27,13314,2,1007,29,14321,FALSE
East Of England,2022-04-08,21,13335,0,1007,21,14342,FALSE
East Of England,2022-04-09,15,13350,1,1008,16,14358,FALSE
East Of England,2022-04-10,23,13373,0,1008,23,14381,FALSE
East Of England,2022-04-11,18,13391,0,1008,18,14399,FALSE
East Of England,2022-04-12,21,13412,2,1010,23,14422,FALSE
East Of England,2022-04-13,21,13433,2,1012,23,14445,FALSE
East Of England,2022-04-14,22,13455,1,1013,23,14468,FALSE
East Of England,2022-04-15,23,13478,0,1013,23,14491,FALSE
East Of England,2022-04-16,18,13496,1,1014,19,14510,FALSE
East Of England,2022-04-17,8,13504,2,1016,10,14520,FALSE
East Of England,2022-04-18,18,13522,0,1016,18,14538,FALSE
East Of England,2022-04-19,18,13540,0,1016,18,14556,FALSE
East Of England,2022-04-20,24,13564,0,1016,24,14580,FALSE
East Of England,2022-04-21,19,13583,0,1016,19,14599,FALSE
East Of England,2022-04-22,22,13605,1,1017,23,14622,FALSE
East Of England,2022-04-23,8,13613,1,1018,9,14631,FALSE
East Of England,2022-04-24,16,13629,0,1018,16,14647,FALSE
East Of England,2022-04-25,12,13641,4,1022,16,14663,FALSE
East Of England,2022-04-26,12,13653,0,1022,12,14675,FALSE
East Of England,2022-04-27,9,13662,0,1022,9,14684,FALSE
East Of England,2022-04-28,8,13670,1,1023,9,14693,FALSE
East Of England,2022-04-29,18,13688,0,1023,18,14711,FALSE
East Of England,2022-04-30,12,13700,0,1023,12,14723,FALSE
East Of England,2022-05-01,18,13718,1,1024,19,14742,FALSE
East Of England,2022-05-02,9,13727,1,1025,10,14752,FALSE
East Of England,2022-05-03,11,13738,2,1027,13,14765,FALSE
East Of England,2022-05-04,12,13750,1,1028,13,14778,FALSE
East Of England,2022-05-05,11,13761,2,1030,13,14791,FALSE
East Of England,2022-05-06,13,13774,0,1030,13,14804,FALSE
East Of England,2022-05-07,21,13795,2,1032,23,14827,FALSE
East Of England,2022-05-08,11,13806,0,1032,11,14838,FALSE
East Of England,2022-05-09,9,13815,1,1033,10,14848,FALSE
East Of England,2022-05-10,8,13823,2,1035,10,14858,FALSE
East Of England,2022-05-11,17,13840,0,1035,17,14875,FALSE
East Of England,2022-05-12,7,13847,3,1038,10,14885,FALSE
East Of England,2022-05-13,8,13855,2,1040,10,14895,FALSE
East Of England,2022-05-14,15,13870,1,1041,16,14911,FALSE
East Of England,2022-05-15,7,13877,0,1041,7,14918,FALSE
East Of England,2022-05-16,4,13881,0,1041,4,14922,FALSE
East Of England,2022-05-17,12,13893,1,1042,13,14935,FALSE
East Of England,2022-05-18,11,13904,4,1046,15,14950,FALSE
East Of England,2022-05-19,7,13911,0,1046,7,14957,FALSE
East Of England,2022-05-20,6,13917,1,1047,7,14964,FALSE
East Of England,2022-05-21,6,13923,1,1048,7,14971,FALSE
East Of England,2022-05-22,7,13930,1,1049,8,14979,FALSE
East Of England,2022-05-23,10,13940,1,1050,11,14990,FALSE
East Of England,2022-05-24,2,13942,1,1051,3,14993,FALSE
East Of England,2022-05-25,2,13944,0,1051,2,14995,FALSE
East Of England,2022-05-26,2,13946,0,1051,2,14997,FALSE
East Of England,2022-05-27,5,13951,0,1051,5,15002,FALSE
East Of England,2022-05-28,4,13955,0,1051,4,15006,FALSE
East Of England,2022-05-29,2,13957,1,1052,3,15009,FALSE
East Of England,2022-05-30,4,13961,1,1053,5,15014,FALSE
East Of England,2022-05-31,3,13964,0,1053,3,15017,FALSE
East Of England,2022-06-01,6,13970,0,1053,6,15023,FALSE
East Of England,2022-06-02,2,13972,0,1053,2,15025,FALSE
East Of England,2022-06-03,2,13974,0,1053,2,15027,FALSE
East Of England,2022-06-04,12,13986,0,1053,12,15039,FALSE
East Of England,2022-06-05,6,13992,0,1053,6,15045,FALSE
East Of England,2022-06-06,5,13997,1,1054,6,15051,FALSE
East Of England,2022-06-07,1,13998,0,1054,1,15052,FALSE
East Of England,2022-06-08,2,14000,0,1054,2,15054,FALSE
East Of England,2022-06-09,6,14006,0,1054,6,15060,FALSE
East Of England,2022-06-10,3,14009,0,1054,3,15063,FALSE
East Of England,2022-06-11,6,14015,0,1054,6,15069,FALSE
East Of England,2022-06-12,2,14017,0,1054,2,15071,FALSE
East Of England,2022-06-13,3,14020,0,1054,3,15074,FALSE
East Of England,2022-06-14,5,14025,0,1054,5,15079,FALSE
East Of England,2022-06-15,2,14027,0,1054,2,15081,FALSE
East Of England,2022-06-16,7,14034,0,1054,7,15088,FALSE
East Of England,2022-06-17,6,14040,0,1054,6,15094,FALSE
East Of England,2022-06-18,8,14048,1,1055,9,15103,FALSE
East Of England,2022-06-19,5,14053,0,1055,5,15108,FALSE
East Of England,2022-06-20,4,14057,1,1056,5,15113,FALSE
East Of England,2022-06-21,4,14061,0,1056,4,15117,FALSE
East Of England,2022-06-22,1,14062,0,1056,1,15118,FALSE
East Of England,2022-06-23,4,14066,0,1056,4,15122,TRUE
East Of England,2022-06-24,3,14069,0,1056,3,15125,TRUE
East Of England,2022-06-25,3,14072,0,1056,3,15128,TRUE
East Of England,2022-06-26,1,14073,0,1056,1,15129,TRUE
East Of England,2022-06-27,0,14073,0,1056,0,15129,TRUE
London,2020-02-29,0,0,0,0,0,0,FALSE
London,2020-03-01,0,0,0,0,0,0,FALSE
London,2020-03-02,0,0,0,0,0,0,FALSE
London,2020-03-03,0,0,0,0,0,0,FALSE
London,2020-03-04,0,0,0,0,0,0,FALSE
London,2020-03-05,0,0,0,0,0,0,FALSE
London,2020-03-06,1,1,0,0,1,1,FALSE
London,2020-03-07,0,1,0,0,0,1,FALSE
London,2020-03-08,0,1,0,0,0,1,FALSE
London,2020-03-09,1,2,0,0,1,2,FALSE
London,2020-03-10,0,2,0,0,0,2,FALSE
London,2020-03-11,5,7,0,0,5,7,FALSE
London,2020-03-12,6,13,0,0,6,13,FALSE
London,2020-03-13,10,23,0,0,10,23,FALSE
London,2020-03-14,13,36,0,0,13,36,FALSE
London,2020-03-15,9,45,0,0,9,45,FALSE
London,2020-03-16,15,60,0,0,15,60,FALSE
London,2020-03-17,23,83,0,0,23,83,FALSE
London,2020-03-18,28,111,0,0,28,111,FALSE
London,2020-03-19,25,136,0,0,25,136,FALSE
London,2020-03-20,44,180,0,0,44,180,FALSE
London,2020-03-21,49,229,0,0,49,229,FALSE
London,2020-03-22,54,283,0,0,54,283,FALSE
London,2020-03-23,63,346,0,0,63,346,FALSE
London,2020-03-24,86,432,0,0,86,432,FALSE
London,2020-03-25,112,544,0,0,112,544,FALSE
London,2020-03-26,130,674,0,0,130,674,FALSE
London,2020-03-27,130,804,0,0,130,804,FALSE
London,2020-03-28,123,927,0,0,123,927,FALSE
London,2020-03-29,145,1072,0,0,145,1072,FALSE
London,2020-03-30,151,1223,0,0,151,1223,FALSE
London,2020-03-31,183,1406,0,0,183,1406,FALSE
London,2020-04-01,202,1608,0,0,202,1608,FALSE
London,2020-04-02,190,1798,0,0,190,1798,FALSE
London,2020-04-03,199,1997,0,0,199,1997,FALSE
London,2020-04-04,231,2228,0,0,231,2228,FALSE
London,2020-04-05,195,2423,0,0,195,2423,FALSE
London,2020-04-06,198,2621,0,0,198,2621,FALSE
London,2020-04-07,220,2841,0,0,220,2841,FALSE
London,2020-04-08,239,3080,0,0,239,3080,FALSE
London,2020-04-09,207,3287,0,0,207,3287,FALSE
London,2020-04-10,171,3458,0,0,171,3458,FALSE
London,2020-04-11,179,3637,0,0,179,3637,FALSE
London,2020-04-12,159,3796,0,0,159,3796,FALSE
London,2020-04-13,166,3962,0,0,166,3962,FALSE
London,2020-04-14,143,4105,0,0,143,4105,FALSE
London,2020-04-15,143,4248,2,2,145,4250,FALSE
London,2020-04-16,140,4388,0,2,140,4390,FALSE
London,2020-04-17,101,4489,0,2,101,4491,FALSE
London,2020-04-18,101,4590,0,2,101,4592,FALSE
London,2020-04-19,104,4694,0,2,104,4696,FALSE
London,2020-04-20,96,4790,0,2,96,4792,FALSE
London,2020-04-21,96,4886,0,2,96,4888,FALSE
London,2020-04-22,109,4995,0,2,109,4997,FALSE
London,2020-04-23,77,5072,0,2,77,5074,FALSE
London,2020-04-24,71,5143,8,10,79,5153,FALSE
London,2020-04-25,58,5201,9,19,67,5220,FALSE
London,2020-04-26,53,5254,8,27,61,5281,FALSE
London,2020-04-27,52,5306,7,34,59,5340,FALSE
London,2020-04-28,44,5350,6,40,50,5390,FALSE
London,2020-04-29,45,5395,11,51,56,5446,FALSE
London,2020-04-30,40,5435,9,60,49,5495,FALSE
London,2020-05-01,41,5476,6,66,47,5542,FALSE
London,2020-05-02,41,5517,8,74,49,5591,FALSE
London,2020-05-03,36,5553,10,84,46,5637,FALSE
London,2020-05-04,30,5583,7,91,37,5674,FALSE
London,2020-05-05,25,5608,7,98,32,5706,FALSE
London,2020-05-06,37,5645,9,107,46,5752,FALSE
London,2020-05-07,37,5682,6,113,43,5795,FALSE
London,2020-05-08,31,5713,4,117,35,5830,FALSE
London,2020-05-09,23,5736,2,119,25,5855,FALSE
London,2020-05-10,26,5762,4,123,30,5885,FALSE
London,2020-05-11,18,5780,10,133,28,5913,FALSE
London,2020-05-12,18,5798,5,138,23,5936,FALSE
London,2020-05-13,17,5815,1,139,18,5954,FALSE
London,2020-05-14,20,5835,2,141,22,5976,FALSE
London,2020-05-15,19,5854,7,148,26,6002,FALSE
London,2020-05-16,14,5868,3,151,17,6019,FALSE
London,2020-05-17,16,5884,3,154,19,6038,FALSE
London,2020-05-18,11,5895,3,157,14,6052,FALSE
London,2020-05-19,14,5909,2,159,16,6068,FALSE
London,2020-05-20,19,5928,5,164,24,6092,FALSE
London,2020-05-21,12,5940,1,165,13,6105,FALSE
London,2020-05-22,10,5950,2,167,12,6117,FALSE
London,2020-05-23,6,5956,3,170,9,6126,FALSE
London,2020-05-24,7,5963,4,174,11,6137,FALSE
London,2020-05-25,9,5972,1,175,10,6147,FALSE
London,2020-05-26,14,5986,5,180,19,6166,FALSE
London,2020-05-27,7,5993,2,182,9,6175,FALSE
London,2020-05-28,8,6001,2,184,10,6185,FALSE
London,2020-05-29,7,6008,1,185,8,6193,FALSE
London,2020-05-30,12,6020,1,186,13,6206,FALSE
London,2020-05-31,6,6026,3,189,9,6215,FALSE
London,2020-06-01,10,6036,2,191,12,6227,FALSE
London,2020-06-02,8,6044,1,192,9,6236,FALSE
London,2020-06-03,6,6050,0,192,6,6242,FALSE
London,2020-06-04,8,6058,1,193,9,6251,FALSE
London,2020-06-05,4,6062,1,194,5,6256,FALSE
London,2020-06-06,0,6062,3,197,3,6259,FALSE
London,2020-06-07,5,6067,2,199,7,6266,FALSE
London,2020-06-08,5,6072,0,199,5,6271,FALSE
London,2020-06-09,5,6077,1,200,6,6277,FALSE
London,2020-06-10,8,6085,1,201,9,6286,FALSE
London,2020-06-11,5,6090,0,201,5,6291,FALSE
London,2020-06-12,3,6093,2,203,5,6296,FALSE
London,2020-06-13,3,6096,2,205,5,6301,FALSE
London,2020-06-14,3,6099,1,206,4,6305,FALSE
London,2020-06-15,1,6100,0,206,1,6306,FALSE
London,2020-06-16,2,6102,0,206,2,6308,FALSE
London,2020-06-17,1,6103,2,208,3,6311,FALSE
London,2020-06-18,2,6105,0,208,2,6313,FALSE
London,2020-06-19,5,6110,1,209,6,6319,FALSE
London,2020-06-20,3,6113,1,210,4,6323,FALSE
London,2020-06-21,4,6117,0,210,4,6327,FALSE
London,2020-06-22,2,6119,0,210,2,6329,FALSE
London,2020-06-23,1,6120,1,211,2,6331,FALSE
London,2020-06-24,4,6124,0,211,4,6335,FALSE
London,2020-06-25,3,6127,2,213,5,6340,FALSE
London,2020-06-26,2,6129,1,214,3,6343,FALSE
London,2020-06-27,1,6130,0,214,1,6344,FALSE
London,2020-06-28,2,6132,1,215,3,6347,FALSE
London,2020-06-29,2,6134,1,216,3,6350,FALSE
London,2020-06-30,1,6135,2,218,3,6353,FALSE
London,2020-07-01,3,6138,1,219,4,6357,FALSE
London,2020-07-02,2,6140,2,221,4,6361,FALSE
London,2020-07-03,2,6142,1,222,3,6364,FALSE
London,2020-07-04,1,6143,1,223,2,6366,FALSE
London,2020-07-05,3,6146,1,224,4,6370,FALSE
London,2020-07-06,2,6148,0,224,2,6372,FALSE
London,2020-07-07,1,6149,0,224,1,6373,FALSE
London,2020-07-08,3,6152,0,224,3,6376,FALSE
London,2020-07-09,4,6156,0,224,4,6380,FALSE
London,2020-07-10,0,6156,1,225,1,6381,FALSE
London,2020-07-11,1,6157,0,225,1,6382,FALSE
London,2020-07-12,1,6158,0,225,1,6383,FALSE
London,2020-07-13,1,6159,0,225,1,6384,FALSE
London,2020-07-14,0,6159,0,225,0,6384,FALSE
London,2020-07-15,2,6161,0,225,2,6386,FALSE
London,2020-07-16,0,6161,0,225,0,6386,FALSE
London,2020-07-17,0,6161,0,225,0,6386,FALSE
London,2020-07-18,2,6163,0,225,2,6388,FALSE
London,2020-07-19,0,6163,1,226,1,6389,FALSE
London,2020-07-20,0,6163,1,227,1,6390,FALSE
London,2020-07-21,1,6164,2,229,3,6393,FALSE
London,2020-07-22,0,6164,2,231,2,6395,FALSE
London,2020-07-23,2,6166,2,233,4,6399,FALSE
London,2020-07-24,0,6166,1,234,1,6400,FALSE
London,2020-07-25,1,6167,0,234,1,6401,FALSE
London,2020-07-26,0,6167,0,234,0,6401,FALSE
London,2020-07-27,1,6168,0,234,1,6402,FALSE
London,2020-07-28,0,6168,2,236,2,6404,FALSE
London,2020-07-29,0,6168,0,236,0,6404,FALSE
London,2020-07-30,1,6169,0,236,1,6405,FALSE
London,2020-07-31,0,6169,0,236,0,6405,FALSE
London,2020-08-01,0,6169,0,236,0,6405,FALSE
London,2020-08-02,3,6172,1,237,4,6409,FALSE
London,2020-08-03,0,6172,0,237,0,6409,FALSE
London,2020-08-04,0,6172,1,238,1,6410,FALSE
London,2020-08-05,0,6172,0,238,0,6410,FALSE
London,2020-08-06,1,6173,1,239,2,6412,FALSE
London,2020-08-07,0,6173,0,239,0,6412,FALSE
London,2020-08-08,0,6173,0,239,0,6412,FALSE
London,2020-08-09,0,6173,0,239,0,6412,FALSE
London,2020-08-10,0,6173,1,240,1,6413,FALSE
London,2020-08-11,1,6174,1,241,2,6415,FALSE
London,2020-08-12,0,6174,0,241,0,6415,FALSE
London,2020-08-13,2,6176,0,241,2,6417,FALSE
London,2020-08-14,0,6176,1,242,1,6418,FALSE
London,2020-08-15,0,6176,0,242,0,6418,FALSE
London,2020-08-16,0,6176,0,242,0,6418,FALSE
London,2020-08-17,1,6177,0,242,1,6419,FALSE
London,2020-08-18,1,6178,0,242,1,6420,FALSE
London,2020-08-19,0,6178,0,242,0,6420,FALSE
London,2020-08-20,1,6179,1,243,2,6422,FALSE
London,2020-08-21,0,6179,0,243,0,6422,FALSE
London,2020-08-22,0,6179,0,243,0,6422,FALSE
London,2020-08-23,0,6179,1,244,1,6423,FALSE
London,2020-08-24,1,6180,1,245,2,6425,FALSE
London,2020-08-25,1,6181,0,245,1,6426,FALSE
London,2020-08-26,0,6181,0,245,0,6426,FALSE
London,2020-08-27,0,6181,1,246,1,6427,FALSE
London,2020-08-28,0,6181,0,246,0,6427,FALSE
London,2020-08-29,0,6181,0,246,0,6427,FALSE
London,2020-08-30,0,6181,0,246,0,6427,FALSE
London,2020-08-31,1,6182,0,246,1,6428,FALSE
London,2020-09-01,0,6182,0,246,0,6428,FALSE
London,2020-09-02,1,6183,0,246,1,6429,FALSE
London,2020-09-03,1,6184,0,246,1,6430,FALSE
London,2020-09-04,0,6184,0,246,0,6430,FALSE
London,2020-09-05,0,6184,0,246,0,6430,FALSE
London,2020-09-06,2,6186,0,246,2,6432,FALSE
London,2020-09-07,0,6186,0,246,0,6432,FALSE
London,2020-09-08,0,6186,1,247,1,6433,FALSE
London,2020-09-09,0,6186,0,247,0,6433,FALSE
London,2020-09-10,2,6188,2,249,4,6437,FALSE
London,2020-09-11,2,6190,1,250,3,6440,FALSE
London,2020-09-12,1,6191,0,250,1,6441,FALSE
London,2020-09-13,0,6191,0,250,0,6441,FALSE
London,2020-09-14,0,6191,0,250,0,6441,FALSE
London,2020-09-15,1,6192,2,252,3,6444,FALSE
London,2020-09-16,2,6194,0,252,2,6446,FALSE
London,2020-09-17,2,6196,1,253,3,6449,FALSE
London,2020-09-18,1,6197,1,254,2,6451,FALSE
London,2020-09-19,3,6200,3,257,6,6457,FALSE
London,2020-09-20,3,6203,0,257,3,6460,FALSE
London,2020-09-21,2,6205,0,257,2,6462,FALSE
London,2020-09-22,6,6211,0,257,6,6468,FALSE
London,2020-09-23,4,6215,1,258,5,6473,FALSE
London,2020-09-24,3,6218,0,258,3,6476,FALSE
London,2020-09-25,1,6219,0,258,1,6477,FALSE
London,2020-09-26,1,6220,1,259,2,6479,FALSE
London,2020-09-27,1,6221,0,259,1,6480,FALSE
London,2020-09-28,3,6224,1,260,4,6484,FALSE
London,2020-09-29,7,6231,0,260,7,6491,FALSE
London,2020-09-30,6,6237,1,261,7,6498,FALSE
London,2020-10-01,4,6241,1,262,5,6503,FALSE
London,2020-10-02,1,6242,0,262,1,6504,FALSE
London,2020-10-03,3,6245,1,263,4,6508,FALSE
London,2020-10-04,2,6247,0,263,2,6510,FALSE
London,2020-10-05,7,6254,0,263,7,6517,FALSE
London,2020-10-06,4,6258,1,264,5,6522,FALSE
London,2020-10-07,6,6264,1,265,7,6529,FALSE
London,2020-10-08,6,6270,1,266,7,6536,FALSE
London,2020-10-09,7,6277,1,267,8,6544,FALSE
London,2020-10-10,3,6280,0,267,3,6547,FALSE
London,2020-10-11,5,6285,0,267,5,6552,FALSE
London,2020-10-12,7,6292,0,267,7,6559,FALSE
London,2020-10-13,4,6296,2,269,6,6565,FALSE
London,2020-10-14,6,6302,0,269,6,6571,FALSE
London,2020-10-15,13,6315,4,273,17,6588,FALSE
London,2020-10-16,6,6321,1,274,7,6595,FALSE
London,2020-10-17,2,6323,0,274,2,6597,FALSE
London,2020-10-18,5,6328,0,274,5,6602,FALSE
London,2020-10-19,11,6339,1,275,12,6614,FALSE
London,2020-10-20,8,6347,0,275,8,6622,FALSE
London,2020-10-21,14,6361,0,275,14,6636,FALSE
London,2020-10-22,12,6373,0,275,12,6648,FALSE
London,2020-10-23,7,6380,0,275,7,6655,FALSE
London,2020-10-24,18,6398,0,275,18,6673,FALSE
London,2020-10-25,10,6408,2,277,12,6685,FALSE
London,2020-10-26,10,6418,1,278,11,6696,FALSE
London,2020-10-27,12,6430,1,279,13,6709,FALSE
London,2020-10-28,23,6453,0,279,23,6732,FALSE
London,2020-10-29,14,6467,1,280,15,6747,FALSE
London,2020-10-30,17,6484,0,280,17,6764,FALSE
London,2020-10-31,7,6491,0,280,7,6771,FALSE
London,2020-11-01,17,6508,2,282,19,6790,FALSE
London,2020-11-02,16,6524,3,285,19,6809,FALSE
London,2020-11-03,10,6534,3,288,13,6822,FALSE
London,2020-11-04,18,6552,0,288,18,6840,FALSE
London,2020-11-05,17,6569,1,289,18,6858,FALSE
London,2020-11-06,12,6581,1,290,13,6871,FALSE
London,2020-11-07,21,6602,0,290,21,6892,FALSE
London,2020-11-08,15,6617,0,290,15,6907,FALSE
London,2020-11-09,28,6645,0,290,28,6935,FALSE
London,2020-11-10,14,6659,2,292,16,6951,FALSE
London,2020-11-11,15,6674,1,293,16,6967,FALSE
London,2020-11-12,16,6690,0,293,16,6983,FALSE
London,2020-11-13,14,6704,1,294,15,6998,FALSE
London,2020-11-14,21,6725,1,295,22,7020,FALSE
London,2020-11-15,18,6743,0,295,18,7038,FALSE
London,2020-11-16,29,6772,4,299,33,7071,FALSE
London,2020-11-17,29,6801,3,302,32,7103,FALSE
London,2020-11-18,23,6824,1,303,24,7127,FALSE
London,2020-11-19,24,6848,2,305,26,7153,FALSE
London,2020-11-20,20,6868,1,306,21,7174,FALSE
London,2020-11-21,19,6887,3,309,22,7196,FALSE
London,2020-11-22,29,6916,1,310,30,7226,FALSE
London,2020-11-23,19,6935,6,316,25,7251,FALSE
London,2020-11-24,27,6962,3,319,30,7281,FALSE
London,2020-11-25,30,6992,2,321,32,7313,FALSE
London,2020-11-26,25,7017,2,323,27,7340,FALSE
London,2020-11-27,28,7045,3,326,31,7371,FALSE
London,2020-11-28,23,7068,0,326,23,7394,FALSE
London,2020-11-29,40,7108,3,329,43,7437,FALSE
London,2020-11-30,19,7127,3,332,22,7459,FALSE
London,2020-12-01,28,7155,3,335,31,7490,FALSE
London,2020-12-02,30,7185,2,337,32,7522,FALSE
London,2020-12-03,27,7212,2,339,29,7551,FALSE
London,2020-12-04,30,7242,4,343,34,7585,FALSE
London,2020-12-05,26,7268,3,346,29,7614,FALSE
London,2020-12-06,25,7293,1,347,26,7640,FALSE
London,2020-12-07,31,7324,5,352,36,7676,FALSE
London,2020-12-08,35,7359,1,353,36,7712,FALSE
London,2020-12-09,28,7387,1,354,29,7741,FALSE
London,2020-12-10,31,7418,2,356,33,7774,FALSE
London,2020-12-11,27,7445,2,358,29,7803,FALSE
London,2020-12-12,33,7478,4,362,37,7840,FALSE
London,2020-12-13,34,7512,1,363,35,7875,FALSE
London,2020-12-14,39,7551,3,366,42,7917,FALSE
London,2020-12-15,49,7600,3,369,52,7969,FALSE
London,2020-12-16,38,7638,2,371,40,8009,FALSE
London,2020-12-17,58,7696,2,373,60,8069,FALSE
London,2020-12-18,43,7739,6,379,49,8118,FALSE
London,2020-12-19,42,7781,5,384,47,8165,FALSE
London,2020-12-20,55,7836,5,389,60,8225,FALSE
London,2020-12-21,60,7896,2,391,62,8287,FALSE
London,2020-12-22,59,7955,18,409,77,8364,FALSE
London,2020-12-23,58,8013,8,417,66,8430,FALSE
London,2020-12-24,65,8078,1,418,66,8496,FALSE
London,2020-12-25,82,8160,9,427,91,8587,FALSE
London,2020-12-26,82,8242,4,431,86,8673,FALSE
London,2020-12-27,92,8334,7,438,99,8772,FALSE
London,2020-12-28,89,8423,9,447,98,8870,FALSE
London,2020-12-29,110,8533,5,452,115,8985,FALSE
London,2020-12-30,102,8635,10,462,112,9097,FALSE
London,2020-12-31,110,8745,10,472,120,9217,FALSE
London,2021-01-01,114,8859,9,481,123,9340,FALSE
London,2021-01-02,126,8985,17,498,143,9483,FALSE
London,2021-01-03,107,9092,12,510,119,9602,FALSE
London,2021-01-04,151,9243,11,521,162,9764,FALSE
London,2021-01-05,149,9392,5,526,154,9918,FALSE
London,2021-01-06,148,9540,13,539,161,10079,FALSE
London,2021-01-07,159,9699,11,550,170,10249,FALSE
London,2021-01-08,140,9839,8,558,148,10397,FALSE
London,2021-01-09,148,9987,7,565,155,10552,FALSE
London,2021-01-10,162,10149,9,574,171,10723,FALSE
London,2021-01-11,163,10312,11,585,174,10897,FALSE
London,2021-01-12,172,10484,9,594,181,11078,FALSE
London,2021-01-13,169,10653,11,605,180,11258,FALSE
London,2021-01-14,159,10812,15,620,174,11432,FALSE
London,2021-01-15,149,10961,10,630,159,11591,FALSE
London,2021-01-16,161,11122,12,642,173,11764,FALSE
London,2021-01-17,170,11292,11,653,181,11945,FALSE
London,2021-01-18,187,11479,9,662,196,12141,FALSE
London,2021-01-19,182,11661,12,674,194,12335,FALSE
London,2021-01-20,161,11822,7,681,168,12503,FALSE
London,2021-01-21,182,12004,11,692,193,12696,FALSE
London,2021-01-22,143,12147,12,704,155,12851,FALSE
London,2021-01-23,141,12288,10,714,151,13002,FALSE
London,2021-01-24,130,12418,13,727,143,13145,FALSE
London,2021-01-25,128,12546,16,743,144,13289,FALSE
London,2021-01-26,120,12666,14,757,134,13423,FALSE
London,2021-01-27,116,12782,14,771,130,13553,FALSE
London,2021-01-28,110,12892,13,784,123,13676,FALSE
London,2021-01-29,97,12989,10,794,107,13783,FALSE
London,2021-01-30,88,13077,4,798,92,13875,FALSE
London,2021-01-31,92,13169,7,805,99,13974,FALSE
London,2021-02-01,80,13249,13,818,93,14067,FALSE
London,2021-02-02,100,13349,9,827,109,14176,FALSE
London,2021-02-03,108,13457,7,834,115,14291,FALSE
London,2021-02-04,64,13521,8,842,72,14363,FALSE
London,2021-02-05,86,13607,8,850,94,14457,FALSE
London,2021-02-06,62,13669,11,861,73,14530,FALSE
London,2021-02-07,71,13740,11,872,82,14612,FALSE
London,2021-02-08,66,13806,9,881,75,14687,FALSE
London,2021-02-09,60,13866,9,890,69,14756,FALSE
London,2021-02-10,72,13938,5,895,77,14833,FALSE
London,2021-02-11,50,13988,5,900,55,14888,FALSE
London,2021-02-12,53,14041,6,906,59,14947,FALSE
London,2021-02-13,45,14086,12,918,57,15004,FALSE
London,2021-02-14,43,14129,9,927,52,15056,FALSE
London,2021-02-15,38,14167,10,937,48,15104,FALSE
London,2021-02-16,51,14218,8,945,59,15163,FALSE
London,2021-02-17,44,14262,6,951,50,15213,FALSE
London,2021-02-18,44,14306,10,961,54,15267,FALSE
London,2021-02-19,42,14348,8,969,50,15317,FALSE
London,2021-02-20,28,14376,5,974,33,15350,FALSE
London,2021-02-21,37,14413,10,984,47,15397,FALSE
London,2021-02-22,31,14444,8,992,39,15436,FALSE
London,2021-02-23,23,14467,8,1000,31,15467,FALSE
London,2021-02-24,26,14493,7,1007,33,15500,FALSE
London,2021-02-25,21,14514,11,1018,32,15532,FALSE
London,2021-02-26,24,14538,8,1026,32,15564,FALSE
London,2021-02-27,18,14556,4,1030,22,15586,FALSE
London,2021-02-28,13,14569,5,1035,18,15604,FALSE
London,2021-03-01,27,14596,5,1040,32,15636,FALSE
London,2021-03-02,21,14617,5,1045,26,15662,FALSE
London,2021-03-03,8,14625,9,1054,17,15679,FALSE
London,2021-03-04,13,14638,5,1059,18,15697,FALSE
London,2021-03-05,18,14656,6,1065,24,15721,FALSE
London,2021-03-06,17,14673,6,1071,23,15744,FALSE
London,2021-03-07,12,14685,4,1075,16,15760,FALSE
London,2021-03-08,10,14695,6,1081,16,15776,FALSE
London,2021-03-09,10,14705,7,1088,17,15793,FALSE
London,2021-03-10,13,14718,1,1089,14,15807,FALSE
London,2021-03-11,12,14730,4,1093,16,15823,FALSE
London,2021-03-12,7,14737,2,1095,9,15832,FALSE
London,2021-03-13,9,14746,5,1100,14,15846,FALSE
London,2021-03-14,4,14750,3,1103,7,15853,FALSE
London,2021-03-15,7,14757,5,1108,12,15865,FALSE
London,2021-03-16,4,14761,4,1112,8,15873,FALSE
London,2021-03-17,10,14771,5,1117,15,15888,FALSE
London,2021-03-18,9,14780,1,1118,10,15898,FALSE
London,2021-03-19,5,14785,1,1119,6,15904,FALSE
London,2021-03-20,4,14789,2,1121,6,15910,FALSE
London,2021-03-21,5,14794,6,1127,11,15921,FALSE
London,2021-03-22,7,14801,3,1130,10,15931,FALSE
London,2021-03-23,2,14803,3,1133,5,15936,FALSE
London,2021-03-24,6,14809,4,1137,10,15946,FALSE
London,2021-03-25,2,14811,2,1139,4,15950,FALSE
London,2021-03-26,2,14813,1,1140,3,15953,FALSE
London,2021-03-27,4,14817,2,1142,6,15959,FALSE
London,2021-03-28,3,14820,2,1144,5,15964,FALSE
London,2021-03-29,1,14821,1,1145,2,15966,FALSE
London,2021-03-30,4,14825,1,1146,5,15971,FALSE
London,2021-03-31,5,14830,0,1146,5,15976,FALSE
London,2021-04-01,4,14834,2,1148,6,15982,FALSE
London,2021-04-02,4,14838,1,1149,5,15987,FALSE
London,2021-04-03,4,14842,3,1152,7,15994,FALSE
London,2021-04-04,0,14842,3,1155,3,15997,FALSE
London,2021-04-05,2,14844,3,1158,5,16002,FALSE
London,2021-04-06,1,14845,1,1159,2,16004,FALSE
London,2021-04-07,3,14848,0,1159,3,16007,FALSE
London,2021-04-08,4,14852,5,1164,9,16016,FALSE
London,2021-04-09,1,14853,3,1167,4,16020,FALSE
London,2021-04-10,4,14857,6,1173,10,16030,FALSE
London,2021-04-11,5,14862,0,1173,5,16035,FALSE
London,2021-04-12,0,14862,1,1174,1,16036,FALSE
London,2021-04-13,4,14866,2,1176,6,16042,FALSE
London,2021-04-14,1,14867,2,1178,3,16045,FALSE
London,2021-04-15,1,14868,2,1180,3,16048,FALSE
London,2021-04-16,4,14872,1,1181,5,16053,FALSE
London,2021-04-17,1,14873,2,1183,3,16056,FALSE
London,2021-04-18,2,14875,1,1184,3,16059,FALSE
London,2021-04-19,5,14880,1,1185,6,16065,FALSE
London,2021-04-20,2,14882,0,1185,2,16067,FALSE
London,2021-04-21,2,14884,0,1185,2,16069,FALSE
London,2021-04-22,1,14885,0,1185,1,16070,FALSE
London,2021-04-23,1,14886,0,1185,1,16071,FALSE
London,2021-04-24,2,14888,1,1186,3,16074,FALSE
London,2021-04-25,1,14889,1,1187,2,16076,FALSE
London,2021-04-26,0,14889,0,1187,0,16076,FALSE
London,2021-04-27,3,14892,1,1188,4,16080,FALSE
London,2021-04-28,3,14895,1,1189,4,16084,FALSE
London,2021-04-29,0,14895,1,1190,1,16085,FALSE
London,2021-04-30,2,14897,1,1191,3,16088,FALSE
London,2021-05-01,4,14901,1,1192,5,16093,FALSE
London,2021-05-02,1,14902,2,1194,3,16096,FALSE
London,2021-05-03,2,14904,1,1195,3,16099,FALSE
London,2021-05-04,2,14906,0,1195,2,16101,FALSE
London,2021-05-05,3,14909,2,1197,5,16106,FALSE
London,2021-05-06,0,14909,0,1197,0,16106,FALSE
London,2021-05-07,1,14910,0,1197,1,16107,FALSE
London,2021-05-08,0,14910,0,1197,0,16107,FALSE
London,2021-05-09,1,14911,0,1197,1,16108,FALSE
London,2021-05-10,1,14912,1,1198,2,16110,FALSE
London,2021-05-11,0,14912,0,1198,0,16110,FALSE
London,2021-05-12,0,14912,1,1199,1,16111,FALSE
London,2021-05-13,0,14912,1,1200,1,16112,FALSE
London,2021-05-14,1,14913,0,1200,1,16113,FALSE
London,2021-05-15,0,14913,1,1201,1,16114,FALSE
London,2021-05-16,2,14915,0,1201,2,16116,FALSE
London,2021-05-17,1,14916,1,1202,2,16118,FALSE
London,2021-05-18,1,14917,0,1202,1,16119,FALSE
London,2021-05-19,0,14917,0,1202,0,16119,FALSE
London,2021-05-20,1,14918,1,1203,2,16121,FALSE
London,2021-05-21,0,14918,2,1205,2,16123,FALSE
London,2021-05-22,0,14918,1,1206,1,16124,FALSE
London,2021-05-23,2,14920,1,1207,3,16127,FALSE
London,2021-05-24,1,14921,1,1208,2,16129,FALSE
London,2021-05-25,1,14922,0,1208,1,16130,FALSE
London,2021-05-26,5,14927,0,1208,5,16135,FALSE
London,2021-05-27,3,14930,0,1208,3,16138,FALSE
London,2021-05-28,0,14930,0,1208,0,16138,FALSE
London,2021-05-29,2,14932,1,1209,3,16141,FALSE
London,2021-05-30,2,14934,1,1210,3,16144,FALSE
London,2021-05-31,1,14935,1,1211,2,16146,FALSE
London,2021-06-01,0,14935,0,1211,0,16146,FALSE
London,2021-06-02,2,14937,0,1211,2,16148,FALSE
London,2021-06-03,1,14938,1,1212,2,16150,FALSE
London,2021-06-04,2,14940,0,1212,2,16152,FALSE
London,2021-06-05,0,14940,1,1213,1,16153,FALSE
London,2021-06-06,3,14943,1,1214,4,16157,FALSE
London,2021-06-07,0,14943,2,1216,2,16159,FALSE
London,2021-06-08,1,14944,1,1217,2,16161,FALSE
London,2021-06-09,2,14946,1,1218,3,16164,FALSE
London,2021-06-10,0,14946,0,1218,0,16164,FALSE
London,2021-06-11,0,14946,0,1218,0,16164,FALSE
London,2021-06-12,1,14947,1,1219,2,16166,FALSE
London,2021-06-13,2,14949,0,1219,2,16168,FALSE
London,2021-06-14,0,14949,0,1219,0,16168,FALSE
London,2021-06-15,1,14950,0,1219,1,16169,FALSE
London,2021-06-16,0,14950,1,1220,1,16170,FALSE
London,2021-06-17,2,14952,1,1221,3,16173,FALSE
London,2021-06-18,5,14957,1,1222,6,16179,FALSE
London,2021-06-19,2,14959,0,1222,2,16181,FALSE
London,2021-06-20,1,14960,0,1222,1,16182,FALSE
London,2021-06-21,1,14961,0,1222,1,16183,FALSE
London,2021-06-22,0,14961,1,1223,1,16184,FALSE
London,2021-06-23,0,14961,0,1223,0,16184,FALSE
London,2021-06-24,2,14963,0,1223,2,16186,FALSE
London,2021-06-25,4,14967,0,1223,4,16190,FALSE
London,2021-06-26,1,14968,0,1223,1,16191,FALSE
London,2021-06-27,2,14970,0,1223,2,16193,FALSE
London,2021-06-28,1,14971,0,1223,1,16194,FALSE
London,2021-06-29,2,14973,1,1224,3,16197,FALSE
London,2021-06-30,2,14975,3,1227,5,16202,FALSE
London,2021-07-01,2,14977,0,1227,2,16204,FALSE
London,2021-07-02,3,14980,0,1227,3,16207,FALSE
London,2021-07-03,3,14983,1,1228,4,16211,FALSE
London,2021-07-04,1,14984,0,1228,1,16212,FALSE
London,2021-07-05,1,14985,1,1229,2,16214,FALSE
London,2021-07-06,1,14986,0,1229,1,16215,FALSE
London,2021-07-07,2,14988,1,1230,3,16218,FALSE
London,2021-07-08,2,14990,0,1230,2,16220,FALSE
London,2021-07-09,1,14991,0,1230,1,16221,FALSE
London,2021-07-10,3,14994,0,1230,3,16224,FALSE
London,2021-07-11,0,14994,0,1230,0,16224,FALSE
London,2021-07-12,1,14995,1,1231,2,16226,FALSE
London,2021-07-13,3,14998,0,1231,3,16229,FALSE
London,2021-07-14,3,15001,1,1232,4,16233,FALSE
London,2021-07-15,2,15003,1,1233,3,16236,FALSE
London,2021-07-16,3,15006,1,1234,4,16240,FALSE
London,2021-07-17,7,15013,1,1235,8,16248,FALSE
London,2021-07-18,5,15018,1,1236,6,16254,FALSE
London,2021-07-19,7,15025,1,1237,8,16262,FALSE
London,2021-07-20,7,15032,1,1238,8,16270,FALSE
London,2021-07-21,6,15038,1,1239,7,16277,FALSE
London,2021-07-22,4,15042,0,1239,4,16281,FALSE
London,2021-07-23,8,15050,0,1239,8,16289,FALSE
London,2021-07-24,7,15057,0,1239,7,16296,FALSE
London,2021-07-25,5,15062,0,1239,5,16301,FALSE
London,2021-07-26,9,15071,0,1239,9,16310,FALSE
London,2021-07-27,3,15074,0,1239,3,16313,FALSE
London,2021-07-28,10,15084,0,1239,10,16323,FALSE
London,2021-07-29,10,15094,0,1239,10,16333,FALSE
London,2021-07-30,11,15105,0,1239,11,16344,FALSE
London,2021-07-31,7,15112,0,1239,7,16351,FALSE
London,2021-08-01,8,15120,0,1239,8,16359,FALSE
London,2021-08-02,10,15130,0,1239,10,16369,FALSE
London,2021-08-03,5,15135,2,1241,7,16376,FALSE
London,2021-08-04,15,15150,1,1242,16,16392,FALSE
London,2021-08-05,14,15164,0,1242,14,16406,FALSE
London,2021-08-06,11,15175,0,1242,11,16417,FALSE
London,2021-08-07,9,15184,0,1242,9,16426,FALSE
London,2021-08-08,6,15190,3,1245,9,16435,FALSE
London,2021-08-09,4,15194,0,1245,4,16439,FALSE
London,2021-08-10,7,15201,1,1246,8,16447,FALSE
London,2021-08-11,14,15215,1,1247,15,16462,FALSE
London,2021-08-12,15,15230,0,1247,15,16477,FALSE
London,2021-08-13,9,15239,0,1247,9,16486,FALSE
London,2021-08-14,12,15251,1,1248,13,16499,FALSE
London,2021-08-15,14,15265,1,1249,15,16514,FALSE
London,2021-08-16,10,15275,0,1249,10,16524,FALSE
London,2021-08-17,10,15285,0,1249,10,16534,FALSE
London,2021-08-18,9,15294,1,1250,10,16544,FALSE
London,2021-08-19,10,15304,3,1253,13,16557,FALSE
London,2021-08-20,18,15322,1,1254,19,16576,FALSE
London,2021-08-21,13,15335,2,1256,15,16591,FALSE
London,2021-08-22,13,15348,1,1257,14,16605,FALSE
London,2021-08-23,11,15359,0,1257,11,16616,FALSE
London,2021-08-24,8,15367,1,1258,9,16625,FALSE
London,2021-08-25,8,15375,2,1260,10,16635,FALSE
London,2021-08-26,16,15391,1,1261,17,16652,FALSE
London,2021-08-27,12,15403,0,1261,12,16664,FALSE
London,2021-08-28,13,15416,0,1261,13,16677,FALSE
London,2021-08-29,8,15424,2,1263,10,16687,FALSE
London,2021-08-30,9,15433,1,1264,10,16697,FALSE
London,2021-08-31,14,15447,0,1264,14,16711,FALSE
London,2021-09-01,10,15457,1,1265,11,16722,FALSE
London,2021-09-02,12,15469,0,1265,12,16734,FALSE
London,2021-09-03,23,15492,0,1265,23,16757,FALSE
London,2021-09-04,8,15500,0,1265,8,16765,FALSE
London,2021-09-05,8,15508,4,1269,12,16777,FALSE
London,2021-09-06,14,15522,5,1274,19,16796,FALSE
London,2021-09-07,14,15536,0,1274,14,16810,FALSE
London,2021-09-08,9,15545,1,1275,10,16820,FALSE
London,2021-09-09,18,15563,0,1275,18,16838,FALSE
London,2021-09-10,9,15572,0,1275,9,16847,FALSE
London,2021-09-11,7,15579,1,1276,8,16855,FALSE
London,2021-09-12,6,15585,0,1276,6,16861,FALSE
London,2021-09-13,5,15590,1,1277,6,16867,FALSE
London,2021-09-14,13,15603,1,1278,14,16881,FALSE
London,2021-09-15,11,15614,2,1280,13,16894,FALSE
London,2021-09-16,12,15626,1,1281,13,16907,FALSE
London,2021-09-17,11,15637,0,1281,11,16918,FALSE
London,2021-09-18,9,15646,0,1281,9,16927,FALSE
London,2021-09-19,6,15652,0,1281,6,16933,FALSE
London,2021-09-20,12,15664,0,1281,12,16945,FALSE
London,2021-09-21,6,15670,2,1283,8,16953,FALSE
London,2021-09-22,15,15685,2,1285,17,16970,FALSE
London,2021-09-23,14,15699,2,1287,16,16986,FALSE
London,2021-09-24,16,15715,2,1289,18,17004,FALSE
London,2021-09-25,11,15726,0,1289,11,17015,FALSE
London,2021-09-26,6,15732,3,1292,9,17024,FALSE
London,2021-09-27,13,15745,1,1293,14,17038,FALSE
London,2021-09-28,11,15756,2,1295,13,17051,FALSE
London,2021-09-29,15,15771,1,1296,16,17067,FALSE
London,2021-09-30,10,15781,5,1301,15,17082,FALSE
London,2021-10-01,14,15795,3,1304,17,17099,FALSE
London,2021-10-02,12,15807,2,1306,14,17113,FALSE
London,2021-10-03,5,15812,1,1307,6,17119,FALSE
London,2021-10-04,12,15824,0,1307,12,17131,FALSE
London,2021-10-05,12,15836,3,1310,15,17146,FALSE
London,2021-10-06,9,15845,2,1312,11,17157,FALSE
London,2021-10-07,9,15854,0,1312,9,17166,FALSE
London,2021-10-08,9,15863,2,1314,11,17177,FALSE
London,2021-10-09,12,15875,3,1317,15,17192,FALSE
London,2021-10-10,8,15883,2,1319,10,17202,FALSE
London,2021-10-11,9,15892,2,1321,11,17213,FALSE
London,2021-10-12,7,15899,2,1323,9,17222,FALSE
London,2021-10-13,6,15905,1,1324,7,17229,FALSE
London,2021-10-14,12,15917,3,1327,15,17244,FALSE
London,2021-10-15,6,15923,1,1328,7,17251,FALSE
London,2021-10-16,7,15930,1,1329,8,17259,FALSE
London,2021-10-17,12,15942,2,1331,14,17273,FALSE
London,2021-10-18,10,15952,2,1333,12,17285,FALSE
London,2021-10-19,9,15961,1,1334,10,17295,FALSE
London,2021-10-20,3,15964,0,1334,3,17298,FALSE
London,2021-10-21,10,15974,2,1336,12,17310,FALSE
London,2021-10-22,9,15983,1,1337,10,17320,FALSE
London,2021-10-23,7,15990,1,1338,8,17328,FALSE
London,2021-10-24,10,16000,0,1338,10,17338,FALSE
London,2021-10-25,13,16013,0,1338,13,17351,FALSE
London,2021-10-26,10,16023,0,1338,10,17361,FALSE
London,2021-10-27,15,16038,2,1340,17,17378,FALSE
London,2021-10-28,11,16049,1,1341,12,17390,FALSE
London,2021-10-29,9,16058,0,1341,9,17399,FALSE
London,2021-10-30,10,16068,0,1341,10,17409,FALSE
London,2021-10-31,12,16080,0,1341,12,17421,FALSE
London,2021-11-01,12,16092,1,1342,13,17434,FALSE
London,2021-11-02,12,16104,0,1342,12,17446,FALSE
London,2021-11-03,10,16114,0,1342,10,17456,FALSE
London,2021-11-04,10,16124,0,1342,10,17466,FALSE
London,2021-11-05,9,16133,0,1342,9,17475,FALSE
London,2021-11-06,12,16145,3,1345,15,17490,FALSE
London,2021-11-07,12,16157,3,1348,15,17505,FALSE
London,2021-11-08,14,16171,3,1351,17,17522,FALSE
London,2021-11-09,6,16177,1,1352,7,17529,FALSE
London,2021-11-10,11,16188,3,1355,14,17543,FALSE
London,2021-11-11,12,16200,1,1356,13,17556,FALSE
London,2021-11-12,8,16208,2,1358,10,17566,FALSE
London,2021-11-13,12,16220,2,1360,14,17580,FALSE
London,2021-11-14,10,16230,1,1361,11,17591,FALSE
London,2021-11-15,12,16242,1,1362,13,17604,FALSE
London,2021-11-16,11,16253,0,1362,11,17615,FALSE
London,2021-11-17,4,16257,1,1363,5,17620,FALSE
London,2021-11-18,7,16264,0,1363,7,17627,FALSE
London,2021-11-19,8,16272,0,1363,8,17635,FALSE
London,2021-11-20,7,16279,1,1364,8,17643,FALSE
London,2021-11-21,7,16286,0,1364,7,17650,FALSE
London,2021-11-22,9,16295,2,1366,11,17661,FALSE
London,2021-11-23,10,16305,1,1367,11,17672,FALSE
London,2021-11-24,16,16321,0,1367,16,17688,FALSE
London,2021-11-25,11,16332,0,1367,11,17699,FALSE
London,2021-11-26,11,16343,0,1367,11,17710,FALSE
London,2021-11-27,8,16351,2,1369,10,17720,FALSE
London,2021-11-28,10,16361,2,1371,12,17732,FALSE
London,2021-11-29,10,16371,1,1372,11,17743,FALSE
London,2021-11-30,14,16385,3,1375,17,17760,FALSE
London,2021-12-01,8,16393,0,1375,8,17768,FALSE
London,2021-12-02,8,16401,0,1375,8,17776,FALSE
London,2021-12-03,13,16414,0,1375,13,17789,FALSE
London,2021-12-04,15,16429,2,1377,17,17806,FALSE
London,2021-12-05,15,16444,0,1377,15,17821,FALSE
London,2021-12-06,8,16452,3,1380,11,17832,FALSE
London,2021-12-07,11,16463,0,1380,11,17843,FALSE
London,2021-12-08,9,16472,0,1380,9,17852,FALSE
London,2021-12-09,13,16485,1,1381,14,17866,FALSE
London,2021-12-10,13,16498,0,1381,13,17879,FALSE
London,2021-12-11,11,16509,1,1382,12,17891,FALSE
London,2021-12-12,22,16531,0,1382,22,17913,FALSE
London,2021-12-13,16,16547,4,1386,20,17933,FALSE
London,2021-12-14,16,16563,3,1389,19,17952,FALSE
London,2021-12-15,12,16575,0,1389,12,17964,FALSE
London,2021-12-16,12,16587,1,1390,13,17977,FALSE
London,2021-12-17,9,16596,1,1391,10,17987,FALSE
London,2021-12-18,19,16615,3,1394,22,18009,FALSE
London,2021-12-19,14,16629,1,1395,15,18024,FALSE
London,2021-12-20,7,16636,0,1395,7,18031,FALSE
London,2021-12-21,12,16648,1,1396,13,18044,FALSE
London,2021-12-22,20,16668,1,1397,21,18065,FALSE
London,2021-12-23,19,16687,3,1400,22,18087,FALSE
London,2021-12-24,18,16705,4,1404,22,18109,FALSE
London,2021-12-25,11,16716,1,1405,12,18121,FALSE
London,2021-12-26,19,16735,0,1405,19,18140,FALSE
London,2021-12-27,20,16755,0,1405,20,18160,FALSE
London,2021-12-28,23,16778,1,1406,24,18184,FALSE
London,2021-12-29,23,16801,0,1406,23,18207,FALSE
London,2021-12-30,30,16831,3,1409,33,18240,FALSE
London,2021-12-31,16,16847,2,1411,18,18258,FALSE
London,2022-01-01,34,16881,1,1412,35,18293,FALSE
London,2022-01-02,33,16914,1,1413,34,18327,FALSE
London,2022-01-03,26,16940,6,1419,32,18359,FALSE
London,2022-01-04,25,16965,0,1419,25,18384,FALSE
London,2022-01-05,24,16989,1,1420,25,18409,FALSE
London,2022-01-06,32,17021,5,1425,37,18446,FALSE
London,2022-01-07,33,17054,1,1426,34,18480,FALSE
London,2022-01-08,33,17087,2,1428,35,18515,FALSE
London,2022-01-09,31,17118,4,1432,35,18550,FALSE
London,2022-01-10,36,17154,0,1432,36,18586,FALSE
London,2022-01-11,43,17197,1,1433,44,18630,FALSE
London,2022-01-12,24,17221,1,1434,25,18655,FALSE
London,2022-01-13,32,17253,0,1434,32,18687,FALSE
London,2022-01-14,32,17285,3,1437,35,18722,FALSE
London,2022-01-15,32,17317,1,1438,33,18755,FALSE
London,2022-01-16,29,17346,2,1440,31,18786,FALSE
London,2022-01-17,25,17371,1,1441,26,18812,FALSE
London,2022-01-18,30,17401,4,1445,34,18846,FALSE
London,2022-01-19,23,17424,1,1446,24,18870,FALSE
London,2022-01-20,21,17445,0,1446,21,18891,FALSE
London,2022-01-21,32,17477,2,1448,34,18925,FALSE
London,2022-01-22,25,17502,1,1449,26,18951,FALSE
London,2022-01-23,19,17521,1,1450,20,18971,FALSE
London,2022-01-24,25,17546,3,1453,28,18999,FALSE
London,2022-01-25,19,17565,3,1456,22,19021,FALSE
London,2022-01-26,22,17587,3,1459,25,19046,FALSE
London,2022-01-27,14,17601,1,1460,15,19061,FALSE
London,2022-01-28,19,17620,0,1460,19,19080,FALSE
London,2022-01-29,18,17638,1,1461,19,19099,FALSE
London,2022-01-30,18,17656,2,1463,20,19119,FALSE
London,2022-01-31,19,17675,1,1464,20,19139,FALSE
London,2022-02-01,15,17690,3,1467,18,19157,FALSE
London,2022-02-02,19,17709,3,1470,22,19179,FALSE
London,2022-02-03,21,17730,3,1473,24,19203,FALSE
London,2022-02-04,20,17750,3,1476,23,19226,FALSE
London,2022-02-05,16,17766,2,1478,18,19244,FALSE
London,2022-02-06,12,17778,1,1479,13,19257,FALSE
London,2022-02-07,10,17788,2,1481,12,19269,FALSE
London,2022-02-08,9,17797,1,1482,10,19279,FALSE
London,2022-02-09,7,17804,2,1484,9,19288,FALSE
London,2022-02-10,14,17818,1,1485,15,19303,FALSE
London,2022-02-11,14,17832,2,1487,16,19319,FALSE
London,2022-02-12,10,17842,1,1488,11,19330,FALSE
London,2022-02-13,13,17855,1,1489,14,19344,FALSE
London,2022-02-14,18,17873,0,1489,18,19362,FALSE
London,2022-02-15,13,17886,2,1491,15,19377,FALSE
London,2022-02-16,10,17896,1,1492,11,19388,FALSE
London,2022-02-17,16,17912,0,1492,16,19404,FALSE
London,2022-02-18,7,17919,2,1494,9,19413,FALSE
London,2022-02-19,9,17928,0,1494,9,19422,FALSE
London,2022-02-20,15,17943,2,1496,17,19439,FALSE
London,2022-02-21,13,17956,1,1497,14,19453,FALSE
London,2022-02-22,13,17969,0,1497,13,19466,FALSE
London,2022-02-23,7,17976,1,1498,8,19474,FALSE
London,2022-02-24,7,17983,1,1499,8,19482,FALSE
London,2022-02-25,13,17996,2,1501,15,19497,FALSE
London,2022-02-26,6,18002,1,1502,7,19504,FALSE
London,2022-02-27,14,18016,1,1503,15,19519,FALSE
London,2022-02-28,9,18025,0,1503,9,19528,FALSE
London,2022-03-01,9,18034,1,1504,10,19538,FALSE
London,2022-03-02,12,18046,2,1506,14,19552,FALSE
London,2022-03-03,7,18053,4,1510,11,19563,FALSE
London,2022-03-04,12,18065,1,1511,13,19576,FALSE
London,2022-03-05,7,18072,0,1511,7,19583,FALSE
London,2022-03-06,10,18082,0,1511,10,19593,FALSE
London,2022-03-07,6,18088,3,1514,9,19602,FALSE
London,2022-03-08,13,18101,3,1517,16,19618,FALSE
London,2022-03-09,8,18109,2,1519,10,19628,FALSE
London,2022-03-10,11,18120,1,1520,12,19640,FALSE
London,2022-03-11,10,18130,3,1523,13,19653,FALSE
London,2022-03-12,13,18143,1,1524,14,19667,FALSE
London,2022-03-13,8,18151,0,1524,8,19675,FALSE
London,2022-03-14,8,18159,2,1526,10,19685,FALSE
London,2022-03-15,8,18167,2,1528,10,19695,FALSE
London,2022-03-16,17,18184,1,1529,18,19713,FALSE
London,2022-03-17,14,18198,0,1529,14,19727,FALSE
London,2022-03-18,11,18209,2,1531,13,19740,FALSE
London,2022-03-19,16,18225,0,1531,16,19756,FALSE
London,2022-03-20,8,18233,2,1533,10,19766,FALSE
London,2022-03-21,13,18246,1,1534,14,19780,FALSE
London,2022-03-22,16,18262,2,1536,18,19798,FALSE
London,2022-03-23,12,18274,0,1536,12,19810,FALSE
London,2022-03-24,13,18287,1,1537,14,19824,FALSE
London,2022-03-25,15,18302,0,1537,15,19839,FALSE
London,2022-03-26,14,18316,3,1540,17,19856,FALSE
London,2022-03-27,12,18328,0,1540,12,19868,FALSE
London,2022-03-28,12,18340,1,1541,13,19881,FALSE
London,2022-03-29,11,18351,0,1541,11,19892,FALSE
London,2022-03-30,20,18371,0,1541,20,19912,FALSE
London,2022-03-31,16,18387,0,1541,16,19928,FALSE
London,2022-04-01,16,18403,1,1542,17,19945,FALSE
London,2022-04-02,21,18424,0,1542,21,19966,FALSE
London,2022-04-03,20,18444,1,1543,21,19987,FALSE
London,2022-04-04,7,18451,3,1546,10,19997,FALSE
London,2022-04-05,22,18473,0,1546,22,20019,FALSE
London,2022-04-06,19,18492,2,1548,21,20040,FALSE
London,2022-04-07,19,18511,2,1550,21,20061,FALSE
London,2022-04-08,16,18527,0,1550,16,20077,FALSE
London,2022-04-09,15,18542,0,1550,15,20092,FALSE
London,2022-04-10,13,18555,0,1550,13,20105,FALSE
London,2022-04-11,17,18572,1,1551,18,20123,FALSE
London,2022-04-12,15,18587,2,1553,17,20140,FALSE
London,2022-04-13,20,18607,0,1553,20,20160,FALSE
London,2022-04-14,16,18623,1,1554,17,20177,FALSE
London,2022-04-15,10,18633,0,1554,10,20187,FALSE
London,2022-04-16,12,18645,1,1555,13,20200,FALSE
London,2022-04-17,13,18658,0,1555,13,20213,FALSE
London,2022-04-18,16,18674,1,1556,17,20230,FALSE
London,2022-04-19,13,18687,0,1556,13,20243,FALSE
London,2022-04-20,11,18698,1,1557,12,20255,FALSE
London,2022-04-21,11,18709,3,1560,14,20269,FALSE
London,2022-04-22,8,18717,1,1561,9,20278,FALSE
London,2022-04-23,19,18736,0,1561,19,20297,FALSE
London,2022-04-24,11,18747,1,1562,12,20309,FALSE
London,2022-04-25,9,18756,2,1564,11,20320,FALSE
London,2022-04-26,7,18763,0,1564,7,20327,FALSE
London,2022-04-27,8,18771,3,1567,11,20338,FALSE
London,2022-04-28,16,18787,0,1567,16,20354,FALSE
London,2022-04-29,5,18792,0,1567,5,20359,FALSE
London,2022-04-30,6,18798,0,1567,6,20365,FALSE
London,2022-05-01,12,18810,1,1568,13,20378,FALSE
London,2022-05-02,10,18820,0,1568,10,20388,FALSE
London,2022-05-03,11,18831,1,1569,12,20400,FALSE
London,2022-05-04,12,18843,2,1571,14,20414,FALSE
London,2022-05-05,11,18854,1,1572,12,20426,FALSE
London,2022-05-06,6,18860,1,1573,7,20433,FALSE
London,2022-05-07,7,18867,1,1574,8,20441,FALSE
London,2022-05-08,7,18874,0,1574,7,20448,FALSE
London,2022-05-09,5,18879,1,1575,6,20454,FALSE
London,2022-05-10,8,18887,3,1578,11,20465,FALSE
London,2022-05-11,1,18888,1,1579,2,20467,FALSE
London,2022-05-12,11,18899,1,1580,12,20479,FALSE
London,2022-05-13,12,18911,1,1581,13,20492,FALSE
London,2022-05-14,7,18918,1,1582,8,20500,FALSE
London,2022-05-15,3,18921,1,1583,4,20504,FALSE
London,2022-05-16,4,18925,0,1583,4,20508,FALSE
London,2022-05-17,4,18929,0,1583,4,20512,FALSE
London,2022-05-18,3,18932,0,1583,3,20515,FALSE
London,2022-05-19,3,18935,0,1583,3,20518,FALSE
London,2022-05-20,4,18939,0,1583,4,20522,FALSE
London,2022-05-21,10,18949,0,1583,10,20532,FALSE
London,2022-05-22,9,18958,0,1583,9,20541,FALSE
London,2022-05-23,6,18964,1,1584,7,20548,FALSE
London,2022-05-24,6,18970,0,1584,6,20554,FALSE
London,2022-05-25,3,18973,1,1585,4,20558,FALSE
London,2022-05-26,3,18976,0,1585,3,20561,FALSE
London,2022-05-27,9,18985,0,1585,9,20570,FALSE
London,2022-05-28,7,18992,0,1585,7,20577,FALSE
London,2022-05-29,3,18995,0,1585,3,20580,FALSE
London,2022-05-30,5,19000,0,1585,5,20585,FALSE
London,2022-05-31,5,19005,0,1585,5,20590,FALSE
London,2022-06-01,2,19007,0,1585,2,20592,FALSE
London,2022-06-02,7,19014,1,1586,8,20600,FALSE
London,2022-06-03,4,19018,0,1586,4,20604,FALSE
London,2022-06-04,6,19024,1,1587,7,20611,FALSE
London,2022-06-05,1,19025,1,1588,2,20613,FALSE
London,2022-06-06,4,19029,0,1588,4,20617,FALSE
London,2022-06-07,4,19033,0,1588,4,20621,FALSE
London,2022-06-08,6,19039,0,1588,6,20627,FALSE
London,2022-06-09,6,19045,0,1588,6,20633,FALSE
London,2022-06-10,4,19049,0,1588,4,20637,FALSE
London,2022-06-11,7,19056,0,1588,7,20644,FALSE
London,2022-06-12,1,19057,0,1588,1,20645,FALSE
London,2022-06-13,4,19061,0,1588,4,20649,FALSE
London,2022-06-14,4,19065,0,1588,4,20653,FALSE
London,2022-06-15,3,19068,1,1589,4,20657,FALSE
London,2022-06-16,7,19075,0,1589,7,20664,FALSE
London,2022-06-17,4,19079,0,1589,4,20668,FALSE
London,2022-06-18,6,19085,0,1589,6,20674,FALSE
London,2022-06-19,2,19087,0,1589,2,20676,FALSE
London,2022-06-20,1,19088,0,1589,1,20677,FALSE
London,2022-06-21,5,19093,1,1590,6,20683,FALSE
London,2022-06-22,3,19096,0,1590,3,20686,FALSE
London,2022-06-23,4,19100,0,1590,4,20690,TRUE
London,2022-06-24,1,19101,0,1590,1,20691,TRUE
London,2022-06-25,1,19102,0,1590,1,20692,TRUE
London,2022-06-26,0,19102,0,1590,0,20692,TRUE
London,2022-06-27,0,19102,0,1590,0,20692,TRUE
Midlands,2020-02-29,0,0,0,0,0,0,FALSE
Midlands,2020-03-01,0,0,0,0,0,0,FALSE
Midlands,2020-03-02,0,0,0,0,0,0,FALSE
Midlands,2020-03-03,1,1,0,0,1,1,FALSE
Midlands,2020-03-04,0,1,0,0,0,1,FALSE
Midlands,2020-03-05,0,1,0,0,0,1,FALSE
Midlands,2020-03-06,0,1,0,0,0,1,FALSE
Midlands,2020-03-07,0,1,0,0,0,1,FALSE
Midlands,2020-03-08,2,3,0,0,2,3,FALSE
Midlands,2020-03-09,1,4,0,0,1,4,FALSE
Midlands,2020-03-10,0,4,0,0,0,4,FALSE
Midlands,2020-03-11,2,6,0,0,2,6,FALSE
Midlands,2020-03-12,6,12,0,0,6,12,FALSE
Midlands,2020-03-13,5,17,0,0,5,17,FALSE
Midlands,2020-03-14,4,21,0,0,4,21,FALSE
Midlands,2020-03-15,5,26,0,0,5,26,FALSE
Midlands,2020-03-16,11,37,0,0,11,37,FALSE
Midlands,2020-03-17,8,45,0,0,8,45,FALSE
Midlands,2020-03-18,13,58,0,0,13,58,FALSE
Midlands,2020-03-19,8,66,0,0,8,66,FALSE
Midlands,2020-03-20,28,94,0,0,28,94,FALSE
Midlands,2020-03-21,13,107,0,0,13,107,FALSE
Midlands,2020-03-22,31,138,0,0,31,138,FALSE
Midlands,2020-03-23,33,171,0,0,33,171,FALSE
Midlands,2020-03-24,41,212,0,0,41,212,FALSE
Midlands,2020-03-25,48,260,0,0,48,260,FALSE
Midlands,2020-03-26,64,324,0,0,64,324,FALSE
Midlands,2020-03-27,72,396,0,0,72,396,FALSE
Midlands,2020-03-28,89,485,0,0,89,485,FALSE
Midlands,2020-03-29,92,577,0,0,92,577,FALSE
Midlands,2020-03-30,90,667,0,0,90,667,FALSE
Midlands,2020-03-31,123,790,1,1,124,791,FALSE
Midlands,2020-04-01,140,930,0,1,140,931,FALSE
Midlands,2020-04-02,142,1072,0,1,142,1073,FALSE
Midlands,2020-04-03,124,1196,0,1,124,1197,FALSE
Midlands,2020-04-04,151,1347,0,1,151,1348,FALSE
Midlands,2020-04-05,164,1511,2,3,166,1514,FALSE
Midlands,2020-04-06,140,1651,0,3,140,1654,FALSE
Midlands,2020-04-07,123,1774,0,3,123,1777,FALSE
Midlands,2020-04-08,186,1960,1,4,187,1964,FALSE
Midlands,2020-04-09,140,2100,0,4,140,2104,FALSE
Midlands,2020-04-10,127,2227,0,4,127,2231,FALSE
Midlands,2020-04-11,142,2369,0,4,142,2373,FALSE
Midlands,2020-04-12,139,2508,1,5,140,2513,FALSE
Midlands,2020-04-13,121,2629,0,5,121,2634,FALSE
Midlands,2020-04-14,116,2745,0,5,116,2750,FALSE
Midlands,2020-04-15,147,2892,0,5,147,2897,FALSE
Midlands,2020-04-16,102,2994,0,5,102,2999,FALSE
Midlands,2020-04-17,118,3112,0,5,118,3117,FALSE
Midlands,2020-04-18,115,3227,0,5,115,3232,FALSE
Midlands,2020-04-19,93,3320,0,5,93,3325,FALSE
Midlands,2020-04-20,107,3427,1,6,108,3433,FALSE
Midlands,2020-04-21,87,3514,0,6,87,3520,FALSE
Midlands,2020-04-22,78,3592,0,6,78,3598,FALSE
Midlands,2020-04-23,103,3695,0,6,103,3701,FALSE
Midlands,2020-04-24,79,3774,4,10,83,3784,FALSE
Midlands,2020-04-25,72,3846,2,12,74,3858,FALSE
Midlands,2020-04-26,81,3927,6,18,87,3945,FALSE
Midlands,2020-04-27,74,4001,8,26,82,4027,FALSE
Midlands,2020-04-28,68,4069,5,31,73,4100,FALSE
Midlands,2020-04-29,53,4122,7,38,60,4160,FALSE
Midlands,2020-04-30,56,4178,1,39,57,4217,FALSE
Midlands,2020-05-01,65,4243,4,43,69,4286,FALSE
Midlands,2020-05-02,51,4294,4,47,55,4341,FALSE
Midlands,2020-05-03,52,4346,2,49,54,4395,FALSE
Midlands,2020-05-04,61,4407,9,58,70,4465,FALSE
Midlands,2020-05-05,59,4466,2,60,61,4526,FALSE
Midlands,2020-05-06,59,4525,7,67,66,4592,FALSE
Midlands,2020-05-07,48,4573,4,71,52,4644,FALSE
Midlands,2020-05-08,34,4607,7,78,41,4685,FALSE
Midlands,2020-05-09,37,4644,3,81,40,4725,FALSE
Midlands,2020-05-10,42,4686,3,84,45,4770,FALSE
Midlands,2020-05-11,33,4719,2,86,35,4805,FALSE
Midlands,2020-05-12,45,4764,11,97,56,4861,FALSE
Midlands,2020-05-13,40,4804,5,102,45,4906,FALSE
Midlands,2020-05-14,39,4843,2,104,41,4947,FALSE
Midlands,2020-05-15,40,4883,3,107,43,4990,FALSE
Midlands,2020-05-16,34,4917,5,112,39,5029,FALSE
Midlands,2020-05-17,31,4948,2,114,33,5062,FALSE
Midlands,2020-05-18,37,4985,7,121,44,5106,FALSE
Midlands,2020-05-19,35,5020,9,130,44,5150,FALSE
Midlands,2020-05-20,36,5056,1,131,37,5187,FALSE
Midlands,2020-05-21,32,5088,6,137,38,5225,FALSE
Midlands,2020-05-22,27,5115,3,140,30,5255,FALSE
Midlands,2020-05-23,34,5149,2,142,36,5291,FALSE
Midlands,2020-05-24,20,5169,4,146,24,5315,FALSE
Midlands,2020-05-25,26,5195,2,148,28,5343,FALSE
Midlands,2020-05-26,33,5228,0,148,33,5376,FALSE
Midlands,2020-05-27,29,5257,1,149,30,5406,FALSE
Midlands,2020-05-28,28,5285,2,151,30,5436,FALSE
Midlands,2020-05-29,20,5305,4,155,24,5460,FALSE
Midlands,2020-05-30,21,5326,4,159,25,5485,FALSE
Midlands,2020-05-31,22,5348,5,164,27,5512,FALSE
Midlands,2020-06-01,20,5368,3,167,23,5535,FALSE
Midlands,2020-06-02,22,5390,3,170,25,5560,FALSE
Midlands,2020-06-03,24,5414,5,175,29,5589,FALSE
Midlands,2020-06-04,16,5430,3,178,19,5608,FALSE
Midlands,2020-06-05,21,5451,4,182,25,5633,FALSE
Midlands,2020-06-06,20,5471,4,186,24,5657,FALSE
Midlands,2020-06-07,17,5488,4,190,21,5678,FALSE
Midlands,2020-06-08,16,5504,3,193,19,5697,FALSE
Midlands,2020-06-09,18,5522,1,194,19,5716,FALSE
Midlands,2020-06-10,15,5537,6,200,21,5737,FALSE
Midlands,2020-06-11,13,5550,2,202,15,5752,FALSE
Midlands,2020-06-12,12,5562,2,204,14,5766,FALSE
Midlands,2020-06-13,6,5568,2,206,8,5774,FALSE
Midlands,2020-06-14,18,5586,3,209,21,5795,FALSE
Midlands,2020-06-15,12,5598,3,212,15,5810,FALSE
Midlands,2020-06-16,15,5613,2,214,17,5827,FALSE
Midlands,2020-06-17,11,5624,2,216,13,5840,FALSE
Midlands,2020-06-18,15,5639,3,219,18,5858,FALSE
Midlands,2020-06-19,10,5649,3,222,13,5871,FALSE
Midlands,2020-06-20,15,5664,2,224,17,5888,FALSE
Midlands,2020-06-21,14,5678,1,225,15,5903,FALSE
Midlands,2020-06-22,14,5692,1,226,15,5918,FALSE
Midlands,2020-06-23,16,5708,1,227,17,5935,FALSE
Midlands,2020-06-24,15,5723,1,228,16,5951,FALSE
Midlands,2020-06-25,19,5742,0,228,19,5970,FALSE
Midlands,2020-06-26,5,5747,3,231,8,5978,FALSE
Midlands,2020-06-27,5,5752,2,233,7,5985,FALSE
Midlands,2020-06-28,7,5759,0,233,7,5992,FALSE
Midlands,2020-06-29,6,5765,2,235,8,6000,FALSE
Midlands,2020-06-30,6,5771,3,238,9,6009,FALSE
Midlands,2020-07-01,7,5778,1,239,8,6017,FALSE
Midlands,2020-07-02,10,5788,0,239,10,6027,FALSE
Midlands,2020-07-03,4,5792,1,240,5,6032,FALSE
Midlands,2020-07-04,4,5796,0,240,4,6036,FALSE
Midlands,2020-07-05,6,5802,1,241,7,6043,FALSE
Midlands,2020-07-06,5,5807,0,241,5,6048,FALSE
Midlands,2020-07-07,3,5810,1,242,4,6052,FALSE
Midlands,2020-07-08,5,5815,1,243,6,6058,FALSE
Midlands,2020-07-09,9,5824,0,243,9,6067,FALSE
Midlands,2020-07-10,3,5827,2,245,5,6072,FALSE
Midlands,2020-07-11,0,5827,1,246,1,6073,FALSE
Midlands,2020-07-12,5,5832,0,246,5,6078,FALSE
Midlands,2020-07-13,1,5833,0,246,1,6079,FALSE
Midlands,2020-07-14,1,5834,2,248,3,6082,FALSE
Midlands,2020-07-15,6,5840,1,249,7,6089,FALSE
Midlands,2020-07-16,2,5842,0,249,2,6091,FALSE
Midlands,2020-07-17,3,5845,2,251,5,6096,FALSE
Midlands,2020-07-18,3,5848,1,252,4,6100,FALSE
Midlands,2020-07-19,3,5851,0,252,3,6103,FALSE
Midlands,2020-07-20,3,5854,0,252,3,6106,FALSE
Midlands,2020-07-21,1,5855,1,253,2,6108,FALSE
Midlands,2020-07-22,2,5857,0,253,2,6110,FALSE
Midlands,2020-07-23,6,5863,1,254,7,6117,FALSE
Midlands,2020-07-24,1,5864,1,255,2,6119,FALSE
Midlands,2020-07-25,4,5868,0,255,4,6123,FALSE
Midlands,2020-07-26,4,5872,2,257,6,6129,FALSE
Midlands,2020-07-27,5,5877,1,258,6,6135,FALSE
Midlands,2020-07-28,1,5878,0,258,1,6136,FALSE
Midlands,2020-07-29,1,5879,2,260,3,6139,FALSE
Midlands,2020-07-30,1,5880,2,262,3,6142,FALSE
Midlands,2020-07-31,2,5882,1,263,3,6145,FALSE
Midlands,2020-08-01,0,5882,1,264,1,6146,FALSE
Midlands,2020-08-02,1,5883,0,264,1,6147,FALSE
Midlands,2020-08-03,2,5885,0,264,2,6149,FALSE
Midlands,2020-08-04,1,5886,0,264,1,6150,FALSE
Midlands,2020-08-05,1,5887,0,264,1,6151,FALSE
Midlands,2020-08-06,0,5887,0,264,0,6151,FALSE
Midlands,2020-08-07,3,5890,0,264,3,6154,FALSE
Midlands,2020-08-08,2,5892,2,266,4,6158,FALSE
Midlands,2020-08-09,0,5892,0,266,0,6158,FALSE
Midlands,2020-08-10,0,5892,1,267,1,6159,FALSE
Midlands,2020-08-11,2,5894,0,267,2,6161,FALSE
Midlands,2020-08-12,0,5894,1,268,1,6162,FALSE
Midlands,2020-08-13,0,5894,1,269,1,6163,FALSE
Midlands,2020-08-14,0,5894,1,270,1,6164,FALSE
Midlands,2020-08-15,1,5895,1,271,2,6166,FALSE
Midlands,2020-08-16,0,5895,2,273,2,6168,FALSE
Midlands,2020-08-17,0,5895,0,273,0,6168,FALSE
Midlands,2020-08-18,0,5895,1,274,1,6169,FALSE
Midlands,2020-08-19,0,5895,1,275,1,6170,FALSE
Midlands,2020-08-20,0,5895,1,276,1,6171,FALSE
Midlands,2020-08-21,1,5896,0,276,1,6172,FALSE
Midlands,2020-08-22,0,5896,0,276,0,6172,FALSE
Midlands,2020-08-23,0,5896,0,276,0,6172,FALSE
Midlands,2020-08-24,0,5896,0,276,0,6172,FALSE
Midlands,2020-08-25,2,5898,2,278,4,6176,FALSE
Midlands,2020-08-26,3,5901,0,278,3,6179,FALSE
Midlands,2020-08-27,2,5903,1,279,3,6182,FALSE
Midlands,2020-08-28,1,5904,0,279,1,6183,FALSE
Midlands,2020-08-29,0,5904,0,279,0,6183,FALSE
Midlands,2020-08-30,2,5906,0,279,2,6185,FALSE
Midlands,2020-08-31,1,5907,1,280,2,6187,FALSE
Midlands,2020-09-01,0,5907,0,280,0,6187,FALSE
Midlands,2020-09-02,2,5909,0,280,2,6189,FALSE
Midlands,2020-09-03,0,5909,0,280,0,6189,FALSE
Midlands,2020-09-04,0,5909,0,280,0,6189,FALSE
Midlands,2020-09-05,0,5909,0,280,0,6189,FALSE
Midlands,2020-09-06,1,5910,0,280,1,6190,FALSE
Midlands,2020-09-07,1,5911,0,280,1,6191,FALSE
Midlands,2020-09-08,3,5914,0,280,3,6194,FALSE
Midlands,2020-09-09,0,5914,0,280,0,6194,FALSE
Midlands,2020-09-10,1,5915,0,280,1,6195,FALSE
Midlands,2020-09-11,1,5916,2,282,3,6198,FALSE
Midlands,2020-09-12,2,5918,1,283,3,6201,FALSE
Midlands,2020-09-13,4,5922,0,283,4,6205,FALSE
Midlands,2020-09-14,1,5923,0,283,1,6206,FALSE
Midlands,2020-09-15,2,5925,0,283,2,6208,FALSE
Midlands,2020-09-16,3,5928,0,283,3,6211,FALSE
Midlands,2020-09-17,2,5930,1,284,3,6214,FALSE
Midlands,2020-09-18,5,5935,1,285,6,6220,FALSE
Midlands,2020-09-19,2,5937,1,286,3,6223,FALSE
Midlands,2020-09-20,7,5944,0,286,7,6230,FALSE
Midlands,2020-09-21,3,5947,1,287,4,6234,FALSE
Midlands,2020-09-22,5,5952,1,288,6,6240,FALSE
Midlands,2020-09-23,10,5962,0,288,10,6250,FALSE
Midlands,2020-09-24,7,5969,0,288,7,6257,FALSE
Midlands,2020-09-25,4,5973,0,288,4,6261,FALSE
Midlands,2020-09-26,5,5978,0,288,5,6266,FALSE
Midlands,2020-09-27,9,5987,1,289,10,6276,FALSE
Midlands,2020-09-28,6,5993,0,289,6,6282,FALSE
Midlands,2020-09-29,4,5997,0,289,4,6286,FALSE
Midlands,2020-09-30,5,6002,0,289,5,6291,FALSE
Midlands,2020-10-01,8,6010,1,290,9,6300,FALSE
Midlands,2020-10-02,7,6017,0,290,7,6307,FALSE
Midlands,2020-10-03,6,6023,0,290,6,6313,FALSE
Midlands,2020-10-04,7,6030,1,291,8,6321,FALSE
Midlands,2020-10-05,6,6036,0,291,6,6327,FALSE
Midlands,2020-10-06,5,6041,1,292,6,6333,FALSE
Midlands,2020-10-07,9,6050,2,294,11,6344,FALSE
Midlands,2020-10-08,8,6058,0,294,8,6352,FALSE
Midlands,2020-10-09,7,6065,0,294,7,6359,FALSE
Midlands,2020-10-10,2,6067,1,295,3,6362,FALSE
Midlands,2020-10-11,15,6082,1,296,16,6378,FALSE
Midlands,2020-10-12,7,6089,1,297,8,6386,FALSE
Midlands,2020-10-13,16,6105,2,299,18,6404,FALSE
Midlands,2020-10-14,13,6118,2,301,15,6419,FALSE
Midlands,2020-10-15,11,6129,1,302,12,6431,FALSE
Midlands,2020-10-16,18,6147,0,302,18,6449,FALSE
Midlands,2020-10-17,25,6172,2,304,27,6476,FALSE
Midlands,2020-10-18,11,6183,3,307,14,6490,FALSE
Midlands,2020-10-19,14,6197,0,307,14,6504,FALSE
Midlands,2020-10-20,19,6216,2,309,21,6525,FALSE
Midlands,2020-10-21,15,6231,3,312,18,6543,FALSE
Midlands,2020-10-22,34,6265,1,313,35,6578,FALSE
Midlands,2020-10-23,32,6297,2,315,34,6612,FALSE
Midlands,2020-10-24,25,6322,2,317,27,6639,FALSE
Midlands,2020-10-25,30,6352,1,318,31,6670,FALSE
Midlands,2020-10-26,33,6385,1,319,34,6704,FALSE
Midlands,2020-10-27,38,6423,0,319,38,6742,FALSE
Midlands,2020-10-28,30,6453,1,320,31,6773,FALSE
Midlands,2020-10-29,42,6495,1,321,43,6816,FALSE
Midlands,2020-10-30,42,6537,2,323,44,6860,FALSE
Midlands,2020-10-31,51,6588,0,323,51,6911,FALSE
Midlands,2020-11-01,44,6632,2,325,46,6957,FALSE
Midlands,2020-11-02,58,6690,0,325,58,7015,FALSE
Midlands,2020-11-03,37,6727,3,328,40,7055,FALSE
Midlands,2020-11-04,67,6794,0,328,67,7122,FALSE
Midlands,2020-11-05,50,6844,1,329,51,7173,FALSE
Midlands,2020-11-06,43,6887,1,330,44,7217,FALSE
Midlands,2020-11-07,60,6947,0,330,60,7277,FALSE
Midlands,2020-11-08,55,7002,3,333,58,7335,FALSE
Midlands,2020-11-09,67,7069,3,336,70,7405,FALSE
Midlands,2020-11-10,68,7137,1,337,69,7474,FALSE
Midlands,2020-11-11,58,7195,0,337,58,7532,FALSE
Midlands,2020-11-12,64,7259,1,338,65,7597,FALSE
Midlands,2020-11-13,47,7306,2,340,49,7646,FALSE
Midlands,2020-11-14,66,7372,3,343,69,7715,FALSE
Midlands,2020-11-15,72,7444,2,345,74,7789,FALSE
Midlands,2020-11-16,66,7510,3,348,69,7858,FALSE
Midlands,2020-11-17,66,7576,7,355,73,7931,FALSE
Midlands,2020-11-18,83,7659,5,360,88,8019,FALSE
Midlands,2020-11-19,73,7732,7,367,80,8099,FALSE
Midlands,2020-11-20,88,7820,0,367,88,8187,FALSE
Midlands,2020-11-21,59,7879,3,370,62,8249,FALSE
Midlands,2020-11-22,84,7963,0,370,84,8333,FALSE
Midlands,2020-11-23,80,8043,2,372,82,8415,FALSE
Midlands,2020-11-24,73,8116,3,375,76,8491,FALSE
Midlands,2020-11-25,74,8190,4,379,78,8569,FALSE
Midlands,2020-11-26,77,8267,1,380,78,8647,FALSE
Midlands,2020-11-27,79,8346,6,386,85,8732,FALSE
Midlands,2020-11-28,80,8426,4,390,84,8816,FALSE
Midlands,2020-11-29,86,8512,3,393,89,8905,FALSE
Midlands,2020-11-30,79,8591,2,395,81,8986,FALSE
Midlands,2020-12-01,74,8665,4,399,78,9064,FALSE
Midlands,2020-12-02,64,8729,3,402,67,9131,FALSE
Midlands,2020-12-03,82,8811,3,405,85,9216,FALSE
Midlands,2020-12-04,67,8878,2,407,69,9285,FALSE
Midlands,2020-12-05,71,8949,1,408,72,9357,FALSE
Midlands,2020-12-06,75,9024,0,408,75,9432,FALSE
Midlands,2020-12-07,68,9092,2,410,70,9502,FALSE
Midlands,2020-12-08,66,9158,5,415,71,9573,FALSE
Midlands,2020-12-09,64,9222,4,419,68,9641,FALSE
Midlands,2020-12-10,75,9297,4,423,79,9720,FALSE
Midlands,2020-12-11,65,9362,4,427,69,9789,FALSE
Midlands,2020-12-12,82,9444,3,430,85,9874,FALSE
Midlands,2020-12-13,80,9524,3,433,83,9957,FALSE
Midlands,2020-12-14,77,9601,4,437,81,10038,FALSE
Midlands,2020-12-15,73,9674,4,441,77,10115,FALSE
Midlands,2020-12-16,74,9748,2,443,76,10191,FALSE
Midlands,2020-12-17,86,9834,6,449,92,10283,FALSE
Midlands,2020-12-18,81,9915,3,452,84,10367,FALSE
Midlands,2020-12-19,57,9972,6,458,63,10430,FALSE
Midlands,2020-12-20,67,10039,6,464,73,10503,FALSE
Midlands,2020-12-21,86,10125,3,467,89,10592,FALSE
Midlands,2020-12-22,74,10199,3,470,77,10669,FALSE
Midlands,2020-12-23,58,10257,5,475,63,10732,FALSE
Midlands,2020-12-24,68,10325,4,479,72,10804,FALSE
Midlands,2020-12-25,81,10406,3,482,84,10888,FALSE
Midlands,2020-12-26,74,10480,3,485,77,10965,FALSE
Midlands,2020-12-27,87,10567,5,490,92,11057,FALSE
Midlands,2020-12-28,64,10631,3,493,67,11124,FALSE
Midlands,2020-12-29,83,10714,6,499,89,11213,FALSE
Midlands,2020-12-30,100,10814,9,508,109,11322,FALSE
Midlands,2020-12-31,89,10903,5,513,94,11416,FALSE
Midlands,2021-01-01,77,10980,6,519,83,11499,FALSE
Midlands,2021-01-02,76,11056,5,524,81,11580,FALSE
Midlands,2021-01-03,71,11127,5,529,76,11656,FALSE
Midlands,2021-01-04,96,11223,6,535,102,11758,FALSE
Midlands,2021-01-05,107,11330,10,545,117,11875,FALSE
Midlands,2021-01-06,112,11442,6,551,118,11993,FALSE
Midlands,2021-01-07,107,11549,3,554,110,12103,FALSE
Midlands,2021-01-08,131,11680,7,561,138,12241,FALSE
Midlands,2021-01-09,142,11822,3,564,145,12386,FALSE
Midlands,2021-01-10,122,11944,2,566,124,12510,FALSE
Midlands,2021-01-11,149,12093,10,576,159,12669,FALSE
Midlands,2021-01-12,161,12254,5,581,166,12835,FALSE
Midlands,2021-01-13,141,12395,7,588,148,12983,FALSE
Midlands,2021-01-14,157,12552,7,595,164,13147,FALSE
Midlands,2021-01-15,131,12683,8,603,139,13286,FALSE
Midlands,2021-01-16,151,12834,6,609,157,13443,FALSE
Midlands,2021-01-17,159,12993,4,613,163,13606,FALSE
Midlands,2021-01-18,164,13157,3,616,167,13773,FALSE
Midlands,2021-01-19,157,13314,8,624,165,13938,FALSE
Midlands,2021-01-20,152,13466,9,633,161,14099,FALSE
Midlands,2021-01-21,158,13624,6,639,164,14263,FALSE
Midlands,2021-01-22,161,13785,3,642,164,14427,FALSE
Midlands,2021-01-23,143,13928,2,644,145,14572,FALSE
Midlands,2021-01-24,169,14097,7,651,176,14748,FALSE
Midlands,2021-01-25,155,14252,8,659,163,14911,FALSE
Midlands,2021-01-26,144,14396,5,664,149,15060,FALSE
Midlands,2021-01-27,139,14535,13,677,152,15212,FALSE
Midlands,2021-01-28,141,14676,5,682,146,15358,FALSE
Midlands,2021-01-29,152,14828,4,686,156,15514,FALSE
Midlands,2021-01-30,124,14952,8,694,132,15646,FALSE
Midlands,2021-01-31,113,15065,10,704,123,15769,FALSE
Midlands,2021-02-01,137,15202,7,711,144,15913,FALSE
Midlands,2021-02-02,131,15333,7,718,138,16051,FALSE
Midlands,2021-02-03,135,15468,3,721,138,16189,FALSE
Midlands,2021-02-04,111,15579,5,726,116,16305,FALSE
Midlands,2021-02-05,111,15690,7,733,118,16423,FALSE
Midlands,2021-02-06,93,15783,11,744,104,16527,FALSE
Midlands,2021-02-07,109,15892,10,754,119,16646,FALSE
Midlands,2021-02-08,100,15992,9,763,109,16755,FALSE
Midlands,2021-02-09,97,16089,8,771,105,16860,FALSE
Midlands,2021-02-10,95,16184,10,781,105,16965,FALSE
Midlands,2021-02-11,91,16275,6,787,97,17062,FALSE
Midlands,2021-02-12,88,16363,5,792,93,17155,FALSE
Midlands,2021-02-13,67,16430,13,805,80,17235,FALSE
Midlands,2021-02-14,83,16513,14,819,97,17332,FALSE
Midlands,2021-02-15,86,16599,11,830,97,17429,FALSE
Midlands,2021-02-16,78,16677,16,846,94,17523,FALSE
Midlands,2021-02-17,67,16744,8,854,75,17598,FALSE
Midlands,2021-02-18,67,16811,8,862,75,17673,FALSE
Midlands,2021-02-19,54,16865,10,872,64,17737,FALSE
Midlands,2021-02-20,67,16932,10,882,77,17814,FALSE
Midlands,2021-02-21,56,16988,6,888,62,17876,FALSE
Midlands,2021-02-22,53,17041,8,896,61,17937,FALSE
Midlands,2021-02-23,58,17099,11,907,69,18006,FALSE
Midlands,2021-02-24,51,17150,6,913,57,18063,FALSE
Midlands,2021-02-25,52,17202,11,924,63,18126,FALSE
Midlands,2021-02-26,42,17244,4,928,46,18172,FALSE
Midlands,2021-02-27,45,17289,4,932,49,18221,FALSE
Midlands,2021-02-28,46,17335,4,936,50,18271,FALSE
Midlands,2021-03-01,41,17376,5,941,46,18317,FALSE
Midlands,2021-03-02,31,17407,7,948,38,18355,FALSE
Midlands,2021-03-03,38,17445,9,957,47,18402,FALSE
Midlands,2021-03-04,31,17476,3,960,34,18436,FALSE
Midlands,2021-03-05,37,17513,2,962,39,18475,FALSE
Midlands,2021-03-06,21,17534,5,967,26,18501,FALSE
Midlands,2021-03-07,16,17550,6,973,22,18523,FALSE
Midlands,2021-03-08,32,17582,6,979,38,18561,FALSE
Midlands,2021-03-09,22,17604,3,982,25,18586,FALSE
Midlands,2021-03-10,24,17628,5,987,29,18615,FALSE
Midlands,2021-03-11,24,17652,6,993,30,18645,FALSE
Midlands,2021-03-12,26,17678,5,998,31,18676,FALSE
Midlands,2021-03-13,21,17699,4,1002,25,18701,FALSE
Midlands,2021-03-14,15,17714,4,1006,19,18720,FALSE
Midlands,2021-03-15,18,17732,5,1011,23,18743,FALSE
Midlands,2021-03-16,13,17745,5,1016,18,18761,FALSE
Midlands,2021-03-17,19,17764,4,1020,23,18784,FALSE
Midlands,2021-03-18,15,17779,3,1023,18,18802,FALSE
Midlands,2021-03-19,11,17790,1,1024,12,18814,FALSE
Midlands,2021-03-20,17,17807,7,1031,24,18838,FALSE
Midlands,2021-03-21,14,17821,2,1033,16,18854,FALSE
Midlands,2021-03-22,14,17835,6,1039,20,18874,FALSE
Midlands,2021-03-23,13,17848,5,1044,18,18892,FALSE
Midlands,2021-03-24,5,17853,0,1044,5,18897,FALSE
Midlands,2021-03-25,9,17862,3,1047,12,18909,FALSE
Midlands,2021-03-26,9,17871,0,1047,9,18918,FALSE
Midlands,2021-03-27,6,17877,2,1049,8,18926,FALSE
Midlands,2021-03-28,4,17881,1,1050,5,18931,FALSE
Midlands,2021-03-29,11,17892,3,1053,14,18945,FALSE
Midlands,2021-03-30,8,17900,1,1054,9,18954,FALSE
Midlands,2021-03-31,10,17910,2,1056,12,18966,FALSE
Midlands,2021-04-01,7,17917,2,1058,9,18975,FALSE
Midlands,2021-04-02,7,17924,3,1061,10,18985,FALSE
Midlands,2021-04-03,5,17929,3,1064,8,18993,FALSE
Midlands,2021-04-04,5,17934,3,1067,8,19001,FALSE
Midlands,2021-04-05,4,17938,2,1069,6,19007,FALSE
Midlands,2021-04-06,5,17943,4,1073,9,19016,FALSE
Midlands,2021-04-07,3,17946,1,1074,4,19020,FALSE
Midlands,2021-04-08,5,17951,0,1074,5,19025,FALSE
Midlands,2021-04-09,4,17955,3,1077,7,19032,FALSE
Midlands,2021-04-10,3,17958,1,1078,4,19036,FALSE
Midlands,2021-04-11,4,17962,0,1078,4,19040,FALSE
Midlands,2021-04-12,6,17968,0,1078,6,19046,FALSE
Midlands,2021-04-13,3,17971,0,1078,3,19049,FALSE
Midlands,2021-04-14,2,17973,3,1081,5,19054,FALSE
Midlands,2021-04-15,2,17975,3,1084,5,19059,FALSE
Midlands,2021-04-16,2,17977,1,1085,3,19062,FALSE
Midlands,2021-04-17,2,17979,5,1090,7,19069,FALSE
Midlands,2021-04-18,5,17984,3,1093,8,19077,FALSE
Midlands,2021-04-19,3,17987,0,1093,3,19080,FALSE
Midlands,2021-04-20,1,17988,2,1095,3,19083,FALSE
Midlands,2021-04-21,2,17990,1,1096,3,19086,FALSE
Midlands,2021-04-22,3,17993,2,1098,5,19091,FALSE
Midlands,2021-04-23,10,18003,2,1100,12,19103,FALSE
Midlands,2021-04-24,0,18003,1,1101,1,19104,FALSE
Midlands,2021-04-25,3,18006,1,1102,4,19108,FALSE
Midlands,2021-04-26,2,18008,6,1108,8,19116,FALSE
Midlands,2021-04-27,2,18010,0,1108,2,19118,FALSE
Midlands,2021-04-28,1,18011,0,1108,1,19119,FALSE
Midlands,2021-04-29,1,18012,0,1108,1,19120,FALSE
Midlands,2021-04-30,2,18014,0,1108,2,19122,FALSE
Midlands,2021-05-01,2,18016,0,1108,2,19124,FALSE
Midlands,2021-05-02,1,18017,0,1108,1,19125,FALSE
Midlands,2021-05-03,4,18021,1,1109,5,19130,FALSE
Midlands,2021-05-04,1,18022,0,1109,1,19131,FALSE
Midlands,2021-05-05,2,18024,1,1110,3,19134,FALSE
Midlands,2021-05-06,1,18025,0,1110,1,19135,FALSE
Midlands,2021-05-07,1,18026,0,1110,1,19136,FALSE
Midlands,2021-05-08,1,18027,0,1110,1,19137,FALSE
Midlands,2021-05-09,0,18027,0,1110,0,19137,FALSE
Midlands,2021-05-10,0,18027,0,1110,0,19137,FALSE
Midlands,2021-05-11,1,18028,1,1111,2,19139,FALSE
Midlands,2021-05-12,2,18030,0,1111,2,19141,FALSE
Midlands,2021-05-13,1,18031,2,1113,3,19144,FALSE
Midlands,2021-05-14,2,18033,0,1113,2,19146,FALSE
Midlands,2021-05-15,3,18036,0,1113,3,19149,FALSE
Midlands,2021-05-16,0,18036,0,1113,0,19149,FALSE
Midlands,2021-05-17,1,18037,1,1114,2,19151,FALSE
Midlands,2021-05-18,2,18039,0,1114,2,19153,FALSE
Midlands,2021-05-19,0,18039,0,1114,0,19153,FALSE
Midlands,2021-05-20,0,18039,0,1114,0,19153,FALSE
Midlands,2021-05-21,2,18041,0,1114,2,19155,FALSE
Midlands,2021-05-22,1,18042,0,1114,1,19156,FALSE
Midlands,2021-05-23,1,18043,0,1114,1,19157,FALSE
Midlands,2021-05-24,2,18045,0,1114,2,19159,FALSE
Midlands,2021-05-25,1,18046,0,1114,1,19160,FALSE
Midlands,2021-05-26,2,18048,0,1114,2,19162,FALSE
Midlands,2021-05-27,1,18049,1,1115,2,19164,FALSE
Midlands,2021-05-28,2,18051,0,1115,2,19166,FALSE
Midlands,2021-05-29,2,18053,0,1115,2,19168,FALSE
Midlands,2021-05-30,1,18054,0,1115,1,19169,FALSE
Midlands,2021-05-31,3,18057,1,1116,4,19173,FALSE
Midlands,2021-06-01,1,18058,1,1117,2,19175,FALSE
Midlands,2021-06-02,3,18061,0,1117,3,19178,FALSE
Midlands,2021-06-03,3,18064,0,1117,3,19181,FALSE
Midlands,2021-06-04,3,18067,0,1117,3,19184,FALSE
Midlands,2021-06-05,1,18068,0,1117,1,19185,FALSE
Midlands,2021-06-06,2,18070,1,1118,3,19188,FALSE
Midlands,2021-06-07,1,18071,0,1118,1,19189,FALSE
Midlands,2021-06-08,0,18071,2,1120,2,19191,FALSE
Midlands,2021-06-09,0,18071,0,1120,0,19191,FALSE
Midlands,2021-06-10,2,18073,0,1120,2,19193,FALSE
Midlands,2021-06-11,1,18074,0,1120,1,19194,FALSE
Midlands,2021-06-12,3,18077,0,1120,3,19197,FALSE
Midlands,2021-06-13,0,18077,0,1120,0,19197,FALSE
Midlands,2021-06-14,4,18081,1,1121,5,19202,FALSE
Midlands,2021-06-15,1,18082,1,1122,2,19204,FALSE
Midlands,2021-06-16,3,18085,1,1123,4,19208,FALSE
Midlands,2021-06-17,1,18086,0,1123,1,19209,FALSE
Midlands,2021-06-18,0,18086,1,1124,1,19210,FALSE
Midlands,2021-06-19,1,18087,0,1124,1,19211,FALSE
Midlands,2021-06-20,2,18089,0,1124,2,19213,FALSE
Midlands,2021-06-21,0,18089,0,1124,0,19213,FALSE
Midlands,2021-06-22,0,18089,1,1125,1,19214,FALSE
Midlands,2021-06-23,1,18090,0,1125,1,19215,FALSE
Midlands,2021-06-24,1,18091,1,1126,2,19217,FALSE
Midlands,2021-06-25,4,18095,0,1126,4,19221,FALSE
Midlands,2021-06-26,1,18096,0,1126,1,19222,FALSE
Midlands,2021-06-27,1,18097,0,1126,1,19223,FALSE
Midlands,2021-06-28,0,18097,1,1127,1,19224,FALSE
Midlands,2021-06-29,2,18099,1,1128,3,19227,FALSE
Midlands,2021-06-30,6,18105,2,1130,8,19235,FALSE
Midlands,2021-07-01,2,18107,0,1130,2,19237,FALSE
Midlands,2021-07-02,3,18110,0,1130,3,19240,FALSE
Midlands,2021-07-03,1,18111,0,1130,1,19241,FALSE
Midlands,2021-07-04,7,18118,0,1130,7,19248,FALSE
Midlands,2021-07-05,5,18123,0,1130,5,19253,FALSE
Midlands,2021-07-06,3,18126,1,1131,4,19257,FALSE
Midlands,2021-07-07,5,18131,1,1132,6,19263,FALSE
Midlands,2021-07-08,3,18134,0,1132,3,19266,FALSE
Midlands,2021-07-09,7,18141,1,1133,8,19274,FALSE
Midlands,2021-07-10,5,18146,0,1133,5,19279,FALSE
Midlands,2021-07-11,3,18149,2,1135,5,19284,FALSE
Midlands,2021-07-12,3,18152,1,1136,4,19288,FALSE
Midlands,2021-07-13,7,18159,0,1136,7,19295,FALSE
Midlands,2021-07-14,4,18163,2,1138,6,19301,FALSE
Midlands,2021-07-15,5,18168,0,1138,5,19306,FALSE
Midlands,2021-07-16,4,18172,0,1138,4,19310,FALSE
Midlands,2021-07-17,6,18178,0,1138,6,19316,FALSE
Midlands,2021-07-18,8,18186,1,1139,9,19325,FALSE
Midlands,2021-07-19,14,18200,1,1140,15,19340,FALSE
Midlands,2021-07-20,3,18203,1,1141,4,19344,FALSE
Midlands,2021-07-21,5,18208,0,1141,5,19349,FALSE
Midlands,2021-07-22,9,18217,2,1143,11,19360,FALSE
Midlands,2021-07-23,11,18228,2,1145,13,19373,FALSE
Midlands,2021-07-24,12,18240,0,1145,12,19385,FALSE
Midlands,2021-07-25,10,18250,0,1145,10,19395,FALSE
Midlands,2021-07-26,4,18254,0,1145,4,19399,FALSE
Midlands,2021-07-27,10,18264,0,1145,10,19409,FALSE
Midlands,2021-07-28,5,18269,0,1145,5,19414,FALSE
Midlands,2021-07-29,6,18275,0,1145,6,19420,FALSE
Midlands,2021-07-30,17,18292,2,1147,19,19439,FALSE
Midlands,2021-07-31,17,18309,0,1147,17,19456,FALSE
Midlands,2021-08-01,17,18326,1,1148,18,19474,FALSE
Midlands,2021-08-02,11,18337,2,1150,13,19487,FALSE
Midlands,2021-08-03,6,18343,2,1152,8,19495,FALSE
Midlands,2021-08-04,15,18358,0,1152,15,19510,FALSE
Midlands,2021-08-05,7,18365,1,1153,8,19518,FALSE
Midlands,2021-08-06,13,18378,1,1154,14,19532,FALSE
Midlands,2021-08-07,17,18395,2,1156,19,19551,FALSE
Midlands,2021-08-08,9,18404,0,1156,9,19560,FALSE
Midlands,2021-08-09,8,18412,1,1157,9,19569,FALSE
Midlands,2021-08-10,10,18422,1,1158,11,19580,FALSE
Midlands,2021-08-11,15,18437,0,1158,15,19595,FALSE
Midlands,2021-08-12,14,18451,1,1159,15,19610,FALSE
Midlands,2021-08-13,21,18472,2,1161,23,19633,FALSE
Midlands,2021-08-14,24,18496,0,1161,24,19657,FALSE
Midlands,2021-08-15,12,18508,2,1163,14,19671,FALSE
Midlands,2021-08-16,13,18521,1,1164,14,19685,FALSE
Midlands,2021-08-17,17,18538,0,1164,17,19702,FALSE
Midlands,2021-08-18,16,18554,0,1164,16,19718,FALSE
Midlands,2021-08-19,12,18566,0,1164,12,19730,FALSE
Midlands,2021-08-20,10,18576,0,1164,10,19740,FALSE
Midlands,2021-08-21,16,18592,2,1166,18,19758,FALSE
Midlands,2021-08-22,22,18614,1,1167,23,19781,FALSE
Midlands,2021-08-23,16,18630,0,1167,16,19797,FALSE
Midlands,2021-08-24,16,18646,1,1168,17,19814,FALSE
Midlands,2021-08-25,17,18663,2,1170,19,19833,FALSE
Midlands,2021-08-26,19,18682,1,1171,20,19853,FALSE
Midlands,2021-08-27,20,18702,3,1174,23,19876,FALSE
Midlands,2021-08-28,27,18729,1,1175,28,19904,FALSE
Midlands,2021-08-29,18,18747,0,1175,18,19922,FALSE
Midlands,2021-08-30,27,18774,3,1178,30,19952,FALSE
Midlands,2021-08-31,16,18790,1,1179,17,19969,FALSE
Midlands,2021-09-01,21,18811,1,1180,22,19991,FALSE
Midlands,2021-09-02,23,18834,1,1181,24,20015,FALSE
Midlands,2021-09-03,17,18851,1,1182,18,20033,FALSE
Midlands,2021-09-04,16,18867,2,1184,18,20051,FALSE
Midlands,2021-09-05,20,18887,4,1188,24,20075,FALSE
Midlands,2021-09-06,15,18902,4,1192,19,20094,FALSE
Midlands,2021-09-07,25,18927,0,1192,25,20119,FALSE
Midlands,2021-09-08,22,18949,0,1192,22,20141,FALSE
Midlands,2021-09-09,29,18978,2,1194,31,20172,FALSE
Midlands,2021-09-10,19,18997,4,1198,23,20195,FALSE
Midlands,2021-09-11,14,19011,2,1200,16,20211,FALSE
Midlands,2021-09-12,24,19035,1,1201,25,20236,FALSE
Midlands,2021-09-13,14,19049,1,1202,15,20251,FALSE
Midlands,2021-09-14,20,19069,1,1203,21,20272,FALSE
Midlands,2021-09-15,19,19088,1,1204,20,20292,FALSE
Midlands,2021-09-16,18,19106,1,1205,19,20311,FALSE
Midlands,2021-09-17,17,19123,1,1206,18,20329,FALSE
Midlands,2021-09-18,19,19142,2,1208,21,20350,FALSE
Midlands,2021-09-19,11,19153,2,1210,13,20363,FALSE
Midlands,2021-09-20,27,19180,1,1211,28,20391,FALSE
Midlands,2021-09-21,23,19203,3,1214,26,20417,FALSE
Midlands,2021-09-22,22,19225,1,1215,23,20440,FALSE
Midlands,2021-09-23,18,19243,2,1217,20,20460,FALSE
Midlands,2021-09-24,11,19254,4,1221,15,20475,FALSE
Midlands,2021-09-25,19,19273,1,1222,20,20495,FALSE
Midlands,2021-09-26,16,19289,2,1224,18,20513,FALSE
Midlands,2021-09-27,15,19304,1,1225,16,20529,FALSE
Midlands,2021-09-28,20,19324,2,1227,22,20551,FALSE
Midlands,2021-09-29,15,19339,1,1228,16,20567,FALSE
Midlands,2021-09-30,10,19349,2,1230,12,20579,FALSE
Midlands,2021-10-01,16,19365,3,1233,19,20598,FALSE
Midlands,2021-10-02,12,19377,0,1233,12,20610,FALSE
Midlands,2021-10-03,8,19385,1,1234,9,20619,FALSE
Midlands,2021-10-04,12,19397,0,1234,12,20631,FALSE
Midlands,2021-10-05,21,19418,1,1235,22,20653,FALSE
Midlands,2021-10-06,12,19430,2,1237,14,20667,FALSE
Midlands,2021-10-07,15,19445,3,1240,18,20685,FALSE
Midlands,2021-10-08,18,19463,2,1242,20,20705,FALSE
Midlands,2021-10-09,16,19479,6,1248,22,20727,FALSE
Midlands,2021-10-10,14,19493,4,1252,18,20745,FALSE
Midlands,2021-10-11,15,19508,0,1252,15,20760,FALSE
Midlands,2021-10-12,21,19529,1,1253,22,20782,FALSE
Midlands,2021-10-13,14,19543,3,1256,17,20799,FALSE
Midlands,2021-10-14,18,19561,0,1256,18,20817,FALSE
Midlands,2021-10-15,16,19577,1,1257,17,20834,FALSE
Midlands,2021-10-16,16,19593,2,1259,18,20852,FALSE
Midlands,2021-10-17,19,19612,3,1262,22,20874,FALSE
Midlands,2021-10-18,19,19631,2,1264,21,20895,FALSE
Midlands,2021-10-19,26,19657,0,1264,26,20921,FALSE
Midlands,2021-10-20,27,19684,1,1265,28,20949,FALSE
Midlands,2021-10-21,11,19695,2,1267,13,20962,FALSE
Midlands,2021-10-22,14,19709,0,1267,14,20976,FALSE
Midlands,2021-10-23,22,19731,2,1269,24,21000,FALSE
Midlands,2021-10-24,26,19757,1,1270,27,21027,FALSE
Midlands,2021-10-25,17,19774,1,1271,18,21045,FALSE
Midlands,2021-10-26,25,19799,1,1272,26,21071,FALSE
Midlands,2021-10-27,22,19821,2,1274,24,21095,FALSE
Midlands,2021-10-28,26,19847,3,1277,29,21124,FALSE
Midlands,2021-10-29,20,19867,3,1280,23,21147,FALSE
Midlands,2021-10-30,17,19884,3,1283,20,21167,FALSE
Midlands,2021-10-31,28,19912,5,1288,33,21200,FALSE
Midlands,2021-11-01,21,19933,3,1291,24,21224,FALSE
Midlands,2021-11-02,22,19955,4,1295,26,21250,FALSE
Midlands,2021-11-03,11,19966,1,1296,12,21262,FALSE
Midlands,2021-11-04,20,19986,0,1296,20,21282,FALSE
Midlands,2021-11-05,22,20008,4,1300,26,21308,FALSE
Midlands,2021-11-06,18,20026,1,1301,19,21327,FALSE
Midlands,2021-11-07,28,20054,2,1303,30,21357,FALSE
Midlands,2021-11-08,15,20069,4,1307,19,21376,FALSE
Midlands,2021-11-09,14,20083,0,1307,14,21390,FALSE
Midlands,2021-11-10,21,20104,1,1308,22,21412,FALSE
Midlands,2021-11-11,26,20130,1,1309,27,21439,FALSE
Midlands,2021-11-12,20,20150,2,1311,22,21461,FALSE
Midlands,2021-11-13,23,20173,2,1313,25,21486,FALSE
Midlands,2021-11-14,16,20189,0,1313,16,21502,FALSE
Midlands,2021-11-15,22,20211,2,1315,24,21526,FALSE
Midlands,2021-11-16,32,20243,6,1321,38,21564,FALSE
Midlands,2021-11-17,9,20252,3,1324,12,21576,FALSE
Midlands,2021-11-18,21,20273,3,1327,24,21600,FALSE
Midlands,2021-11-19,19,20292,4,1331,23,21623,FALSE
Midlands,2021-11-20,17,20309,1,1332,18,21641,FALSE
Midlands,2021-11-21,18,20327,1,1333,19,21660,FALSE
Midlands,2021-11-22,18,20345,3,1336,21,21681,FALSE
Midlands,2021-11-23,22,20367,3,1339,25,21706,FALSE
Midlands,2021-11-24,13,20380,0,1339,13,21719,FALSE
Midlands,2021-11-25,28,20408,3,1342,31,21750,FALSE
Midlands,2021-11-26,21,20429,1,1343,22,21772,FALSE
Midlands,2021-11-27,13,20442,2,1345,15,21787,FALSE
Midlands,2021-11-28,16,20458,0,1345,16,21803,FALSE
Midlands,2021-11-29,18,20476,5,1350,23,21826,FALSE
Midlands,2021-11-30,17,20493,5,1355,22,21848,FALSE
Midlands,2021-12-01,16,20509,2,1357,18,21866,FALSE
Midlands,2021-12-02,18,20527,3,1360,21,21887,FALSE
Midlands,2021-12-03,17,20544,2,1362,19,21906,FALSE
Midlands,2021-12-04,19,20563,3,1365,22,21928,FALSE
Midlands,2021-12-05,20,20583,1,1366,21,21949,FALSE
Midlands,2021-12-06,28,20611,2,1368,30,21979,FALSE
Midlands,2021-12-07,18,20629,2,1370,20,21999,FALSE
Midlands,2021-12-08,13,20642,4,1374,17,22016,FALSE
Midlands,2021-12-09,21,20663,2,1376,23,22039,FALSE
Midlands,2021-12-10,16,20679,1,1377,17,22056,FALSE
Midlands,2021-12-11,15,20694,1,1378,16,22072,FALSE
Midlands,2021-12-12,18,20712,4,1382,22,22094,FALSE
Midlands,2021-12-13,15,20727,1,1383,16,22110,FALSE
Midlands,2021-12-14,14,20741,6,1389,20,22130,FALSE
Midlands,2021-12-15,20,20761,3,1392,23,22153,FALSE
Midlands,2021-12-16,15,20776,1,1393,16,22169,FALSE
Midlands,2021-12-17,21,20797,3,1396,24,22193,FALSE
Midlands,2021-12-18,15,20812,0,1396,15,22208,FALSE
Midlands,2021-12-19,17,20829,3,1399,20,22228,FALSE
Midlands,2021-12-20,23,20852,4,1403,27,22255,FALSE
Midlands,2021-12-21,18,20870,2,1405,20,22275,FALSE
Midlands,2021-12-22,21,20891,1,1406,22,22297,FALSE
Midlands,2021-12-23,16,20907,2,1408,18,22315,FALSE
Midlands,2021-12-24,22,20929,3,1411,25,22340,FALSE
Midlands,2021-12-25,12,20941,1,1412,13,22353,FALSE
Midlands,2021-12-26,17,20958,2,1414,19,22372,FALSE
Midlands,2021-12-27,23,20981,3,1417,26,22398,FALSE
Midlands,2021-12-28,21,21002,1,1418,22,22420,FALSE
Midlands,2021-12-29,12,21014,3,1421,15,22435,FALSE
Midlands,2021-12-30,21,21035,0,1421,21,22456,FALSE
Midlands,2021-12-31,22,21057,0,1421,22,22478,FALSE
Midlands,2022-01-01,26,21083,1,1422,27,22505,FALSE
Midlands,2022-01-02,16,21099,3,1425,19,22524,FALSE
Midlands,2022-01-03,18,21117,1,1426,19,22543,FALSE
Midlands,2022-01-04,28,21145,2,1428,30,22573,FALSE
Midlands,2022-01-05,29,21174,1,1429,30,22603,FALSE
Midlands,2022-01-06,34,21208,2,1431,36,22639,FALSE
Midlands,2022-01-07,30,21238,3,1434,33,22672,FALSE
Midlands,2022-01-08,29,21267,2,1436,31,22703,FALSE
Midlands,2022-01-09,39,21306,1,1437,40,22743,FALSE
Midlands,2022-01-10,30,21336,5,1442,35,22778,FALSE
Midlands,2022-01-11,40,21376,4,1446,44,22822,FALSE
Midlands,2022-01-12,29,21405,2,1448,31,22853,FALSE
Midlands,2022-01-13,31,21436,3,1451,34,22887,FALSE
Midlands,2022-01-14,27,21463,1,1452,28,22915,FALSE
Midlands,2022-01-15,37,21500,1,1453,38,22953,FALSE
Midlands,2022-01-16,34,21534,1,1454,35,22988,FALSE
Midlands,2022-01-17,35,21569,2,1456,37,23025,FALSE
Midlands,2022-01-18,36,21605,0,1456,36,23061,FALSE
Midlands,2022-01-19,29,21634,3,1459,32,23093,FALSE
Midlands,2022-01-20,28,21662,0,1459,28,23121,FALSE
Midlands,2022-01-21,30,21692,4,1463,34,23155,FALSE
Midlands,2022-01-22,32,21724,4,1467,36,23191,FALSE
Midlands,2022-01-23,34,21758,1,1468,35,23226,FALSE
Midlands,2022-01-24,25,21783,3,1471,28,23254,FALSE
Midlands,2022-01-25,34,21817,0,1471,34,23288,FALSE
Midlands,2022-01-26,28,21845,4,1475,32,23320,FALSE
Midlands,2022-01-27,41,21886,1,1476,42,23362,FALSE
Midlands,2022-01-28,21,21907,3,1479,24,23386,FALSE
Midlands,2022-01-29,39,21946,4,1483,43,23429,FALSE
Midlands,2022-01-30,27,21973,2,1485,29,23458,FALSE
Midlands,2022-01-31,34,22007,7,1492,41,23499,FALSE
Midlands,2022-02-01,33,22040,3,1495,36,23535,FALSE
Midlands,2022-02-02,38,22078,1,1496,39,23574,FALSE
Midlands,2022-02-03,30,22108,1,1497,31,23605,FALSE
Midlands,2022-02-04,31,22139,3,1500,34,23639,FALSE
Midlands,2022-02-05,24,22163,3,1503,27,23666,FALSE
Midlands,2022-02-06,30,22193,0,1503,30,23696,FALSE
Midlands,2022-02-07,13,22206,1,1504,14,23710,FALSE
Midlands,2022-02-08,24,22230,4,1508,28,23738,FALSE
Midlands,2022-02-09,25,22255,1,1509,26,23764,FALSE
Midlands,2022-02-10,21,22276,0,1509,21,23785,FALSE
Midlands,2022-02-11,24,22300,4,1513,28,23813,FALSE
Midlands,2022-02-12,23,22323,3,1516,26,23839,FALSE
Midlands,2022-02-13,20,22343,2,1518,22,23861,FALSE
Midlands,2022-02-14,13,22356,3,1521,16,23877,FALSE
Midlands,2022-02-15,16,22372,2,1523,18,23895,FALSE
Midlands,2022-02-16,24,22396,1,1524,25,23920,FALSE
Midlands,2022-02-17,25,22421,1,1525,26,23946,FALSE
Midlands,2022-02-18,23,22444,4,1529,27,23973,FALSE
Midlands,2022-02-19,21,22465,3,1532,24,23997,FALSE
Midlands,2022-02-20,17,22482,0,1532,17,24014,FALSE
Midlands,2022-02-21,14,22496,2,1534,16,24030,FALSE
Midlands,2022-02-22,18,22514,3,1537,21,24051,FALSE
Midlands,2022-02-23,20,22534,3,1540,23,24074,FALSE
Midlands,2022-02-24,16,22550,1,1541,17,24091,FALSE
Midlands,2022-02-25,23,22573,0,1541,23,24114,FALSE
Midlands,2022-02-26,18,22591,0,1541,18,24132,FALSE
Midlands,2022-02-27,13,22604,3,1544,16,24148,FALSE
Midlands,2022-02-28,18,22622,4,1548,22,24170,FALSE
Midlands,2022-03-01,16,22638,3,1551,19,24189,FALSE
Midlands,2022-03-02,18,22656,1,1552,19,24208,FALSE
Midlands,2022-03-03,15,22671,0,1552,15,24223,FALSE
Midlands,2022-03-04,19,22690,2,1554,21,24244,FALSE
Midlands,2022-03-05,18,22708,2,1556,20,24264,FALSE
Midlands,2022-03-06,18,22726,3,1559,21,24285,FALSE
Midlands,2022-03-07,20,22746,2,1561,22,24307,FALSE
Midlands,2022-03-08,16,22762,2,1563,18,24325,FALSE
Midlands,2022-03-09,14,22776,3,1566,17,24342,FALSE
Midlands,2022-03-10,20,22796,1,1567,21,24363,FALSE
Midlands,2022-03-11,17,22813,3,1570,20,24383,FALSE
Midlands,2022-03-12,12,22825,5,1575,17,24400,FALSE
Midlands,2022-03-13,19,22844,0,1575,19,24419,FALSE
Midlands,2022-03-14,23,22867,2,1577,25,24444,FALSE
Midlands,2022-03-15,21,22888,2,1579,23,24467,FALSE
Midlands,2022-03-16,15,22903,1,1580,16,24483,FALSE
Midlands,2022-03-17,19,22922,1,1581,20,24503,FALSE
Midlands,2022-03-18,16,22938,4,1585,20,24523,FALSE
Midlands,2022-03-19,19,22957,2,1587,21,24544,FALSE
Midlands,2022-03-20,20,22977,1,1588,21,24565,FALSE
Midlands,2022-03-21,23,23000,2,1590,25,24590,FALSE
Midlands,2022-03-22,20,23020,1,1591,21,24611,FALSE
Midlands,2022-03-23,23,23043,0,1591,23,24634,FALSE
Midlands,2022-03-24,25,23068,0,1591,25,24659,FALSE
Midlands,2022-03-25,26,23094,2,1593,28,24687,FALSE
Midlands,2022-03-26,25,23119,1,1594,26,24713,FALSE
Midlands,2022-03-27,19,23138,1,1595,20,24733,FALSE
Midlands,2022-03-28,27,23165,0,1595,27,24760,FALSE
Midlands,2022-03-29,24,23189,0,1595,24,24784,FALSE
Midlands,2022-03-30,24,23213,0,1595,24,24808,FALSE
Midlands,2022-03-31,17,23230,1,1596,18,24826,FALSE
Midlands,2022-04-01,30,23260,2,1598,32,24858,FALSE
Midlands,2022-04-02,28,23288,1,1599,29,24887,FALSE
Midlands,2022-04-03,20,23308,1,1600,21,24908,FALSE
Midlands,2022-04-04,31,23339,0,1600,31,24939,FALSE
Midlands,2022-04-05,31,23370,0,1600,31,24970,FALSE
Midlands,2022-04-06,35,23405,0,1600,35,25005,FALSE
Midlands,2022-04-07,37,23442,2,1602,39,25044,FALSE
Midlands,2022-04-08,29,23471,1,1603,30,25074,FALSE
Midlands,2022-04-09,34,23505,1,1604,35,25109,FALSE
Midlands,2022-04-10,32,23537,1,1605,33,25142,FALSE
Midlands,2022-04-11,43,23580,1,1606,44,25186,FALSE
Midlands,2022-04-12,48,23628,1,1607,49,25235,FALSE
Midlands,2022-04-13,41,23669,0,1607,41,25276,FALSE
Midlands,2022-04-14,32,23701,2,1609,34,25310,FALSE
Midlands,2022-04-15,25,23726,1,1610,26,25336,FALSE
Midlands,2022-04-16,20,23746,0,1610,20,25356,FALSE
Midlands,2022-04-17,30,23776,3,1613,33,25389,FALSE
Midlands,2022-04-18,28,23804,2,1615,30,25419,FALSE
Midlands,2022-04-19,24,23828,3,1618,27,25446,FALSE
Midlands,2022-04-20,28,23856,1,1619,29,25475,FALSE
Midlands,2022-04-21,24,23880,0,1619,24,25499,FALSE
Midlands,2022-04-22,23,23903,1,1620,24,25523,FALSE
Midlands,2022-04-23,17,23920,4,1624,21,25544,FALSE
Midlands,2022-04-24,32,23952,0,1624,32,25576,FALSE
Midlands,2022-04-25,29,23981,2,1626,31,25607,FALSE
Midlands,2022-04-26,23,24004,1,1627,24,25631,FALSE
Midlands,2022-04-27,29,24033,0,1627,29,25660,FALSE
Midlands,2022-04-28,22,24055,0,1627,22,25682,FALSE
Midlands,2022-04-29,22,24077,0,1627,22,25704,FALSE
Midlands,2022-04-30,41,24118,1,1628,42,25746,FALSE
Midlands,2022-05-01,16,24134,1,1629,17,25763,FALSE
Midlands,2022-05-02,23,24157,3,1632,26,25789,FALSE
Midlands,2022-05-03,15,24172,0,1632,15,25804,FALSE
Midlands,2022-05-04,22,24194,2,1634,24,25828,FALSE
Midlands,2022-05-05,19,24213,4,1638,23,25851,FALSE
Midlands,2022-05-06,17,24230,4,1642,21,25872,FALSE
Midlands,2022-05-07,16,24246,1,1643,17,25889,FALSE
Midlands,2022-05-08,16,24262,0,1643,16,25905,FALSE
Midlands,2022-05-09,24,24286,2,1645,26,25931,FALSE
Midlands,2022-05-10,25,24311,2,1647,27,25958,FALSE
Midlands,2022-05-11,20,24331,3,1650,23,25981,FALSE
Midlands,2022-05-12,14,24345,0,1650,14,25995,FALSE
Midlands,2022-05-13,10,24355,1,1651,11,26006,FALSE
Midlands,2022-05-14,18,24373,1,1652,19,26025,FALSE
Midlands,2022-05-15,14,24387,0,1652,14,26039,FALSE
Midlands,2022-05-16,13,24400,1,1653,14,26053,FALSE
Midlands,2022-05-17,17,24417,1,1654,18,26071,FALSE
Midlands,2022-05-18,9,24426,0,1654,9,26080,FALSE
Midlands,2022-05-19,8,24434,2,1656,10,26090,FALSE
Midlands,2022-05-20,15,24449,2,1658,17,26107,FALSE
Midlands,2022-05-21,10,24459,0,1658,10,26117,FALSE
Midlands,2022-05-22,12,24471,0,1658,12,26129,FALSE
Midlands,2022-05-23,12,24483,2,1660,14,26143,FALSE
Midlands,2022-05-24,9,24492,3,1663,12,26155,FALSE
Midlands,2022-05-25,6,24498,0,1663,6,26161,FALSE
Midlands,2022-05-26,12,24510,0,1663,12,26173,FALSE
Midlands,2022-05-27,7,24517,2,1665,9,26182,FALSE
Midlands,2022-05-28,5,24522,0,1665,5,26187,FALSE
Midlands,2022-05-29,6,24528,1,1666,7,26194,FALSE
Midlands,2022-05-30,12,24540,0,1666,12,26206,FALSE
Midlands,2022-05-31,9,24549,1,1667,10,26216,FALSE
Midlands,2022-06-01,6,24555,0,1667,6,26222,FALSE
Midlands,2022-06-02,9,24564,3,1670,12,26234,FALSE
Midlands,2022-06-03,10,24574,0,1670,10,26244,FALSE
Midlands,2022-06-04,9,24583,1,1671,10,26254,FALSE
Midlands,2022-06-05,11,24594,0,1671,11,26265,FALSE
Midlands,2022-06-06,12,24606,0,1671,12,26277,FALSE
Midlands,2022-06-07,8,24614,1,1672,9,26286,FALSE
Midlands,2022-06-08,3,24617,1,1673,4,26290,FALSE
Midlands,2022-06-09,6,24623,1,1674,7,26297,FALSE
Midlands,2022-06-10,6,24629,0,1674,6,26303,FALSE
Midlands,2022-06-11,4,24633,1,1675,5,26308,FALSE
Midlands,2022-06-12,5,24638,0,1675,5,26313,FALSE
Midlands,2022-06-13,3,24641,0,1675,3,26316,FALSE
Midlands,2022-06-14,5,24646,0,1675,5,26321,FALSE
Midlands,2022-06-15,16,24662,0,1675,16,26337,FALSE
Midlands,2022-06-16,11,24673,1,1676,12,26349,FALSE
Midlands,2022-06-17,6,24679,0,1676,6,26355,FALSE
Midlands,2022-06-18,6,24685,1,1677,7,26362,FALSE
Midlands,2022-06-19,14,24699,0,1677,14,26376,FALSE
Midlands,2022-06-20,8,24707,0,1677,8,26384,FALSE
Midlands,2022-06-21,8,24715,0,1677,8,26392,FALSE
Midlands,2022-06-22,6,24721,0,1677,6,26398,FALSE
Midlands,2022-06-23,13,24734,0,1677,13,26411,TRUE
Midlands,2022-06-24,5,24739,0,1677,5,26416,TRUE
Midlands,2022-06-25,6,24745,0,1677,6,26422,TRUE
Midlands,2022-06-26,9,24754,0,1677,9,26431,TRUE
Midlands,2022-06-27,3,24757,0,1677,3,26434,TRUE
North East And Yorkshire,2020-02-29,0,0,0,0,0,0,FALSE
North East And Yorkshire,2020-03-01,0,0,0,0,0,0,FALSE
North East And Yorkshire,2020-03-02,0,0,0,0,0,0,FALSE
North East And Yorkshire,2020-03-03,0,0,0,0,0,0,FALSE
North East And Yorkshire,2020-03-04,0,0,0,0,0,0,FALSE
North East And Yorkshire,2020-03-05,0,0,0,0,0,0,FALSE
North East And Yorkshire,2020-03-06,0,0,0,0,0,0,FALSE
North East And Yorkshire,2020-03-07,0,0,0,0,0,0,FALSE
North East And Yorkshire,2020-03-08,0,0,0,0,0,0,FALSE
North East And Yorkshire,2020-03-09,0,0,0,0,0,0,FALSE
North East And Yorkshire,2020-03-10,0,0,0,0,0,0,FALSE
North East And Yorkshire,2020-03-11,0,0,0,0,0,0,FALSE
North East And Yorkshire,2020-03-12,0,0,0,0,0,0,FALSE
North East And Yorkshire,2020-03-13,0,0,0,0,0,0,FALSE
North East And Yorkshire,2020-03-14,0,0,0,0,0,0,FALSE
North East And Yorkshire,2020-03-15,2,2,0,0,2,2,FALSE
North East And Yorkshire,2020-03-16,3,5,0,0,3,5,FALSE
North East And Yorkshire,2020-03-17,1,6,0,0,1,6,FALSE
North East And Yorkshire,2020-03-18,2,8,0,0,2,8,FALSE
North East And Yorkshire,2020-03-19,6,14,0,0,6,14,FALSE
North East And Yorkshire,2020-03-20,5,19,0,0,5,19,FALSE
North East And Yorkshire,2020-03-21,6,25,0,0,6,25,FALSE
North East And Yorkshire,2020-03-22,7,32,0,0,7,32,FALSE
North East And Yorkshire,2020-03-23,9,41,0,0,9,41,FALSE
North East And Yorkshire,2020-03-24,8,49,0,0,8,49,FALSE
North East And Yorkshire,2020-03-25,18,67,0,0,18,67,FALSE
North East And Yorkshire,2020-03-26,21,88,0,0,21,88,FALSE
North East And Yorkshire,2020-03-27,28,116,0,0,28,116,FALSE
North East And Yorkshire,2020-03-28,35,151,0,0,35,151,FALSE
North East And Yorkshire,2020-03-29,38,189,0,0,38,189,FALSE
North East And Yorkshire,2020-03-30,64,253,0,0,64,253,FALSE
North East And Yorkshire,2020-03-31,60,313,0,0,60,313,FALSE
North East And Yorkshire,2020-04-01,67,380,0,0,67,380,FALSE
North East And Yorkshire,2020-04-02,75,455,0,0,75,455,FALSE
North East And Yorkshire,2020-04-03,100,555,0,0,100,555,FALSE
North East And Yorkshire,2020-04-04,105,660,0,0,105,660,FALSE
North East And Yorkshire,2020-04-05,92,752,0,0,92,752,FALSE
North East And Yorkshire,2020-04-06,96,848,0,0,96,848,FALSE
North East And Yorkshire,2020-04-07,102,950,0,0,102,950,FALSE
North East And Yorkshire,2020-04-08,108,1058,0,0,108,1058,FALSE
North East And Yorkshire,2020-04-09,111,1169,0,0,111,1169,FALSE
North East And Yorkshire,2020-04-10,117,1286,0,0,117,1286,FALSE
North East And Yorkshire,2020-04-11,98,1384,0,0,98,1384,FALSE
North East And Yorkshire,2020-04-12,84,1468,0,0,84,1468,FALSE
North East And Yorkshire,2020-04-13,94,1562,0,0,94,1562,FALSE
North East And Yorkshire,2020-04-14,107,1669,0,0,107,1669,FALSE
North East And Yorkshire,2020-04-15,96,1765,0,0,96,1765,FALSE
North East And Yorkshire,2020-04-16,103,1868,0,0,103,1868,FALSE
North East And Yorkshire,2020-04-17,88,1956,0,0,88,1956,FALSE
North East And Yorkshire,2020-04-18,95,2051,0,0,95,2051,FALSE
North East And Yorkshire,2020-04-19,88,2139,0,0,88,2139,FALSE
North East And Yorkshire,2020-04-20,100,2239,0,0,100,2239,FALSE
North East And Yorkshire,2020-04-21,76,2315,0,0,76,2315,FALSE
North East And Yorkshire,2020-04-22,84,2399,0,0,84,2399,FALSE
North East And Yorkshire,2020-04-23,63,2462,0,0,63,2462,FALSE
North East And Yorkshire,2020-04-24,72,2534,1,1,73,2535,FALSE
North East And Yorkshire,2020-04-25,69,2603,0,1,69,2604,FALSE
North East And Yorkshire,2020-04-26,65,2668,0,1,65,2669,FALSE
North East And Yorkshire,2020-04-27,65,2733,2,3,67,2736,FALSE
North East And Yorkshire,2020-04-28,57,2790,4,7,61,2797,FALSE
North East And Yorkshire,2020-04-29,69,2859,4,11,73,2870,FALSE
North East And Yorkshire,2020-04-30,57,2916,4,15,61,2931,FALSE
North East And Yorkshire,2020-05-01,64,2980,5,20,69,3000,FALSE
North East And Yorkshire,2020-05-02,48,3028,5,25,53,3053,FALSE
North East And Yorkshire,2020-05-03,40,3068,2,27,42,3095,FALSE
North East And Yorkshire,2020-05-04,49,3117,2,29,51,3146,FALSE
North East And Yorkshire,2020-05-05,40,3157,4,33,44,3190,FALSE
North East And Yorkshire,2020-05-06,52,3209,4,37,56,3246,FALSE
North East And Yorkshire,2020-05-07,45,3254,3,40,48,3294,FALSE
North East And Yorkshire,2020-05-08,42,3296,4,44,46,3340,FALSE
North East And Yorkshire,2020-05-09,44,3340,1,45,45,3385,FALSE
North East And Yorkshire,2020-05-10,40,3380,1,46,41,3426,FALSE
North East And Yorkshire,2020-05-11,29,3409,5,51,34,3460,FALSE
North East And Yorkshire,2020-05-12,27,3436,1,52,28,3488,FALSE
North East And Yorkshire,2020-05-13,28,3464,3,55,31,3519,FALSE
North East And Yorkshire,2020-05-14,31,3495,1,56,32,3551,FALSE
North East And Yorkshire,2020-05-15,32,3527,3,59,35,3586,FALSE
North East And Yorkshire,2020-05-16,35,3562,2,61,37,3623,FALSE
North East And Yorkshire,2020-05-17,26,3588,1,62,27,3650,FALSE
North East And Yorkshire,2020-05-18,30,3618,4,66,34,3684,FALSE
North East And Yorkshire,2020-05-19,27,3645,2,68,29,3713,FALSE
North East And Yorkshire,2020-05-20,22,3667,2,70,24,3737,FALSE
North East And Yorkshire,2020-05-21,33,3700,3,73,36,3773,FALSE
North East And Yorkshire,2020-05-22,22,3722,5,78,27,3800,FALSE
North East And Yorkshire,2020-05-23,18,3740,0,78,18,3818,FALSE
North East And Yorkshire,2020-05-24,26,3766,4,82,30,3848,FALSE
North East And Yorkshire,2020-05-25,21,3787,1,83,22,3870,FALSE
North East And Yorkshire,2020-05-26,21,3808,0,83,21,3891,FALSE
North East And Yorkshire,2020-05-27,23,3831,1,84,24,3915,FALSE
North East And Yorkshire,2020-05-28,21,3852,7,91,28,3943,FALSE
North East And Yorkshire,2020-05-29,25,3877,2,93,27,3970,FALSE
North East And Yorkshire,2020-05-30,20,3897,3,96,23,3993,FALSE
North East And Yorkshire,2020-05-31,20,3917,1,97,21,4014,FALSE
North East And Yorkshire,2020-06-01,17,3934,0,97,17,4031,FALSE
North East And Yorkshire,2020-06-02,23,3957,3,100,26,4057,FALSE
North East And Yorkshire,2020-06-03,24,3981,2,102,26,4083,FALSE
North East And Yorkshire,2020-06-04,17,3998,2,104,19,4102,FALSE
North East And Yorkshire,2020-06-05,18,4016,2,106,20,4122,FALSE
North East And Yorkshire,2020-06-06,21,4037,1,107,22,4144,FALSE
North East And Yorkshire,2020-06-07,14,4051,0,107,14,4158,FALSE
North East And Yorkshire,2020-06-08,11,4062,2,109,13,4171,FALSE
North East And Yorkshire,2020-06-09,12,4074,3,112,15,4186,FALSE
North East And Yorkshire,2020-06-10,19,4093,1,113,20,4206,FALSE
North East And Yorkshire,2020-06-11,7,4100,0,113,7,4213,FALSE
North East And Yorkshire,2020-06-12,9,4109,2,115,11,4224,FALSE
North East And Yorkshire,2020-06-13,10,4119,1,116,11,4235,FALSE
North East And Yorkshire,2020-06-14,11,4130,1,117,12,4247,FALSE
North East And Yorkshire,2020-06-15,9,4139,2,119,11,4258,FALSE
North East And Yorkshire,2020-06-16,10,4149,1,120,11,4269,FALSE
North East And Yorkshire,2020-06-17,9,4158,1,121,10,4279,FALSE
North East And Yorkshire,2020-06-18,11,4169,0,121,11,4290,FALSE
North East And Yorkshire,2020-06-19,6,4175,1,122,7,4297,FALSE
North East And Yorkshire,2020-06-20,5,4180,1,123,6,4303,FALSE
North East And Yorkshire,2020-06-21,4,4184,2,125,6,4309,FALSE
North East And Yorkshire,2020-06-22,7,4191,0,125,7,4316,FALSE
North East And Yorkshire,2020-06-23,8,4199,1,126,9,4325,FALSE
North East And Yorkshire,2020-06-24,10,4209,1,127,11,4336,FALSE
North East And Yorkshire,2020-06-25,4,4213,0,127,4,4340,FALSE
North East And Yorkshire,2020-06-26,8,4221,1,128,9,4349,FALSE
North East And Yorkshire,2020-06-27,4,4225,0,128,4,4353,FALSE
North East And Yorkshire,2020-06-28,5,4230,1,129,6,4359,FALSE
North East And Yorkshire,2020-06-29,2,4232,1,130,3,4362,FALSE
North East And Yorkshire,2020-06-30,7,4239,0,130,7,4369,FALSE
North East And Yorkshire,2020-07-01,1,4240,1,131,2,4371,FALSE
North East And Yorkshire,2020-07-02,5,4245,1,132,6,4377,FALSE
North East And Yorkshire,2020-07-03,4,4249,1,133,5,4382,FALSE
North East And Yorkshire,2020-07-04,4,4253,1,134,5,4387,FALSE
North East And Yorkshire,2020-07-05,3,4256,2,136,5,4392,FALSE
North East And Yorkshire,2020-07-06,2,4258,0,136,2,4394,FALSE
North East And Yorkshire,2020-07-07,3,4261,0,136,3,4397,FALSE
North East And Yorkshire,2020-07-08,3,4264,1,137,4,4401,FALSE
North East And Yorkshire,2020-07-09,0,4264,0,137,0,4401,FALSE
North East And Yorkshire,2020-07-10,3,4267,1,138,4,4405,FALSE
North East And Yorkshire,2020-07-11,1,4268,1,139,2,4407,FALSE
North East And Yorkshire,2020-07-12,4,4272,0,139,4,4411,FALSE
North East And Yorkshire,2020-07-13,1,4273,1,140,2,4413,FALSE
North East And Yorkshire,2020-07-14,1,4274,3,143,4,4417,FALSE
North East And Yorkshire,2020-07-15,2,4276,2,145,4,4421,FALSE
North East And Yorkshire,2020-07-16,3,4279,0,145,3,4424,FALSE
North East And Yorkshire,2020-07-17,1,4280,0,145,1,4425,FALSE
North East And Yorkshire,2020-07-18,2,4282,0,145,2,4427,FALSE
North East And Yorkshire,2020-07-19,2,4284,0,145,2,4429,FALSE
North East And Yorkshire,2020-07-20,1,4285,0,145,1,4430,FALSE
North East And Yorkshire,2020-07-21,1,4286,0,145,1,4431,FALSE
North East And Yorkshire,2020-07-22,6,4292,2,147,8,4439,FALSE
North East And Yorkshire,2020-07-23,0,4292,1,148,1,4440,FALSE
North East And Yorkshire,2020-07-24,1,4293,0,148,1,4441,FALSE
North East And Yorkshire,2020-07-25,5,4298,1,149,6,4447,FALSE
North East And Yorkshire,2020-07-26,1,4299,1,150,2,4449,FALSE
North East And Yorkshire,2020-07-27,0,4299,2,152,2,4451,FALSE
North East And Yorkshire,2020-07-28,2,4301,0,152,2,4453,FALSE
North East And Yorkshire,2020-07-29,1,4302,3,155,4,4457,FALSE
North East And Yorkshire,2020-07-30,0,4302,0,155,0,4457,FALSE
North East And Yorkshire,2020-07-31,1,4303,0,155,1,4458,FALSE
North East And Yorkshire,2020-08-01,3,4306,0,155,3,4461,FALSE
North East And Yorkshire,2020-08-02,2,4308,0,155,2,4463,FALSE
North East And Yorkshire,2020-08-03,1,4309,0,155,1,4464,FALSE
North East And Yorkshire,2020-08-04,3,4312,0,155,3,4467,FALSE
North East And Yorkshire,2020-08-05,1,4313,0,155,1,4468,FALSE
North East And Yorkshire,2020-08-06,4,4317,0,155,4,4472,FALSE
North East And Yorkshire,2020-08-07,0,4317,0,155,0,4472,FALSE
North East And Yorkshire,2020-08-08,2,4319,0,155,2,4474,FALSE
North East And Yorkshire,2020-08-09,3,4322,0,155,3,4477,FALSE
North East And Yorkshire,2020-08-10,3,4325,1,156,4,4481,FALSE
North East And Yorkshire,2020-08-11,2,4327,1,157,3,4484,FALSE
North East And Yorkshire,2020-08-12,2,4329,0,157,2,4486,FALSE
North East And Yorkshire,2020-08-13,0,4329,0,157,0,4486,FALSE
North East And Yorkshire,2020-08-14,1,4330,0,157,1,4487,FALSE
North East And Yorkshire,2020-08-15,1,4331,1,158,2,4489,FALSE
North East And Yorkshire,2020-08-16,0,4331,0,158,0,4489,FALSE
North East And Yorkshire,2020-08-17,6,4337,0,158,6,4495,FALSE
North East And Yorkshire,2020-08-18,1,4338,1,159,2,4497,FALSE
North East And Yorkshire,2020-08-19,0,4338,0,159,0,4497,FALSE
North East And Yorkshire,2020-08-20,0,4338,0,159,0,4497,FALSE
North East And Yorkshire,2020-08-21,1,4339,3,162,4,4501,FALSE
North East And Yorkshire,2020-08-22,1,4340,0,162,1,4502,FALSE
North East And Yorkshire,2020-08-23,3,4343,0,162,3,4505,FALSE
North East And Yorkshire,2020-08-24,0,4343,0,162,0,4505,FALSE
North East And Yorkshire,2020-08-25,2,4345,0,162,2,4507,FALSE
North East And Yorkshire,2020-08-26,2,4347,0,162,2,4509,FALSE
North East And Yorkshire,2020-08-27,1,4348,0,162,1,4510,FALSE
North East And Yorkshire,2020-08-28,0,4348,1,163,1,4511,FALSE
North East And Yorkshire,2020-08-29,1,4349,0,163,1,4512,FALSE
North East And Yorkshire,2020-08-30,0,4349,0,163,0,4512,FALSE
North East And Yorkshire,2020-08-31,0,4349,0,163,0,4512,FALSE
North East And Yorkshire,2020-09-01,3,4352,0,163,3,4515,FALSE
North East And Yorkshire,2020-09-02,3,4355,1,164,4,4519,FALSE
North East And Yorkshire,2020-09-03,1,4356,0,164,1,4520,FALSE
North East And Yorkshire,2020-09-04,1,4357,1,165,2,4522,FALSE
North East And Yorkshire,2020-09-05,2,4359,0,165,2,4524,FALSE
North East And Yorkshire,2020-09-06,1,4360,1,166,2,4526,FALSE
North East And Yorkshire,2020-09-07,0,4360,0,166,0,4526,FALSE
North East And Yorkshire,2020-09-08,1,4361,1,167,2,4528,FALSE
North East And Yorkshire,2020-09-09,2,4363,0,167,2,4530,FALSE
North East And Yorkshire,2020-09-10,0,4363,0,167,0,4530,FALSE
North East And Yorkshire,2020-09-11,3,4366,1,168,4,4534,FALSE
North East And Yorkshire,2020-09-12,1,4367,0,168,1,4535,FALSE
North East And Yorkshire,2020-09-13,3,4370,1,169,4,4539,FALSE
North East And Yorkshire,2020-09-14,4,4374,0,169,4,4543,FALSE
North East And Yorkshire,2020-09-15,3,4377,0,169,3,4546,FALSE
North East And Yorkshire,2020-09-16,3,4380,0,169,3,4549,FALSE
North East And Yorkshire,2020-09-17,5,4385,1,170,6,4555,FALSE
North East And Yorkshire,2020-09-18,6,4391,0,170,6,4561,FALSE
North East And Yorkshire,2020-09-19,2,4393,0,170,2,4563,FALSE
North East And Yorkshire,2020-09-20,9,4402,0,170,9,4572,FALSE
North East And Yorkshire,2020-09-21,7,4409,0,170,7,4579,FALSE
North East And Yorkshire,2020-09-22,5,4414,0,170,5,4584,FALSE
North East And Yorkshire,2020-09-23,6,4420,0,170,6,4590,FALSE
North East And Yorkshire,2020-09-24,3,4423,1,171,4,4594,FALSE
North East And Yorkshire,2020-09-25,5,4428,0,171,5,4599,FALSE
North East And Yorkshire,2020-09-26,7,4435,0,171,7,4606,FALSE
North East And Yorkshire,2020-09-27,10,4445,1,172,11,4617,FALSE
North East And Yorkshire,2020-09-28,6,4451,0,172,6,4623,FALSE
North East And Yorkshire,2020-09-29,7,4458,1,173,8,4631,FALSE
North East And Yorkshire,2020-09-30,7,4465,0,173,7,4638,FALSE
North East And Yorkshire,2020-10-01,8,4473,0,173,8,4646,FALSE
North East And Yorkshire,2020-10-02,16,4489,0,173,16,4662,FALSE
North East And Yorkshire,2020-10-03,12,4501,0,173,12,4674,FALSE
North East And Yorkshire,2020-10-04,13,4514,1,174,14,4688,FALSE
North East And Yorkshire,2020-10-05,10,4524,0,174,10,4698,FALSE
North East And Yorkshire,2020-10-06,15,4539,0,174,15,4713,FALSE
North East And Yorkshire,2020-10-07,13,4552,1,175,14,4727,FALSE
North East And Yorkshire,2020-10-08,16,4568,2,177,18,4745,FALSE
North East And Yorkshire,2020-10-09,10,4578,2,179,12,4757,FALSE
North East And Yorkshire,2020-10-10,16,4594,1,180,17,4774,FALSE
North East And Yorkshire,2020-10-11,16,4610,0,180,16,4790,FALSE
North East And Yorkshire,2020-10-12,15,4625,0,180,15,4805,FALSE
North East And Yorkshire,2020-10-13,21,4646,0,180,21,4826,FALSE
North East And Yorkshire,2020-10-14,20,4666,1,181,21,4847,FALSE
North East And Yorkshire,2020-10-15,23,4689,0,181,23,4870,FALSE
North East And Yorkshire,2020-10-16,24,4713,1,182,25,4895,FALSE
North East And Yorkshire,2020-10-17,34,4747,1,183,35,4930,FALSE
North East And Yorkshire,2020-10-18,22,4769,2,185,24,4954,FALSE
North East And Yorkshire,2020-10-19,34,4803,0,185,34,4988,FALSE
North East And Yorkshire,2020-10-20,38,4841,2,187,40,5028,FALSE
North East And Yorkshire,2020-10-21,43,4884,2,189,45,5073,FALSE
North East And Yorkshire,2020-10-22,33,4917,1,190,34,5107,FALSE
North East And Yorkshire,2020-10-23,31,4948,1,191,32,5139,FALSE
North East And Yorkshire,2020-10-24,34,4982,3,194,37,5176,FALSE
North East And Yorkshire,2020-10-25,35,5017,0,194,35,5211,FALSE
North East And Yorkshire,2020-10-26,46,5063,2,196,48,5259,FALSE
North East And Yorkshire,2020-10-27,45,5108,0,196,45,5304,FALSE
North East And Yorkshire,2020-10-28,39,5147,0,196,39,5343,FALSE
North East And Yorkshire,2020-10-29,51,5198,2,198,53,5396,FALSE
North East And Yorkshire,2020-10-30,49,5247,0,198,49,5445,FALSE
North East And Yorkshire,2020-10-31,58,5305,5,203,63,5508,FALSE
North East And Yorkshire,2020-11-01,48,5353,0,203,48,5556,FALSE
North East And Yorkshire,2020-11-02,51,5404,3,206,54,5610,FALSE
North East And Yorkshire,2020-11-03,48,5452,3,209,51,5661,FALSE
North East And Yorkshire,2020-11-04,57,5509,3,212,60,5721,FALSE
North East And Yorkshire,2020-11-05,57,5566,3,215,60,5781,FALSE
North East And Yorkshire,2020-11-06,57,5623,3,218,60,5841,FALSE
North East And Yorkshire,2020-11-07,75,5698,3,221,78,5919,FALSE
North East And Yorkshire,2020-11-08,63,5761,2,223,65,5984,FALSE
North East And Yorkshire,2020-11-09,87,5848,2,225,89,6073,FALSE
North East And Yorkshire,2020-11-10,65,5913,5,230,70,6143,FALSE
North East And Yorkshire,2020-11-11,59,5972,2,232,61,6204,FALSE
North East And Yorkshire,2020-11-12,77,6049,1,233,78,6282,FALSE
North East And Yorkshire,2020-11-13,80,6129,2,235,82,6364,FALSE
North East And Yorkshire,2020-11-14,72,6201,1,236,73,6437,FALSE
North East And Yorkshire,2020-11-15,79,6280,2,238,81,6518,FALSE
North East And Yorkshire,2020-11-16,54,6334,1,239,55,6573,FALSE
North East And Yorkshire,2020-11-17,68,6402,0,239,68,6641,FALSE
North East And Yorkshire,2020-11-18,82,6484,6,245,88,6729,FALSE
North East And Yorkshire,2020-11-19,72,6556,1,246,73,6802,FALSE
North East And Yorkshire,2020-11-20,75,6631,2,248,77,6879,FALSE
North East And Yorkshire,2020-11-21,55,6686,4,252,59,6938,FALSE
North East And Yorkshire,2020-11-22,80,6766,2,254,82,7020,FALSE
North East And Yorkshire,2020-11-23,84,6850,5,259,89,7109,FALSE
North East And Yorkshire,2020-11-24,81,6931,1,260,82,7191,FALSE
North East And Yorkshire,2020-11-25,70,7001,5,265,75,7266,FALSE
North East And Yorkshire,2020-11-26,64,7065,5,270,69,7335,FALSE
North East And Yorkshire,2020-11-27,62,7127,2,272,64,7399,FALSE
North East And Yorkshire,2020-11-28,77,7204,3,275,80,7479,FALSE
North East And Yorkshire,2020-11-29,62,7266,0,275,62,7541,FALSE
North East And Yorkshire,2020-11-30,56,7322,4,279,60,7601,FALSE
North East And Yorkshire,2020-12-01,44,7366,2,281,46,7647,FALSE
North East And Yorkshire,2020-12-02,59,7425,3,284,62,7709,FALSE
North East And Yorkshire,2020-12-03,71,7496,6,290,77,7786,FALSE
North East And Yorkshire,2020-12-04,65,7561,5,295,70,7856,FALSE
North East And Yorkshire,2020-12-05,49,7610,3,298,52,7908,FALSE
North East And Yorkshire,2020-12-06,67,7677,4,302,71,7979,FALSE
North East And Yorkshire,2020-12-07,50,7727,2,304,52,8031,FALSE
North East And Yorkshire,2020-12-08,54,7781,1,305,55,8086,FALSE
North East And Yorkshire,2020-12-09,50,7831,1,306,51,8137,FALSE
North East And Yorkshire,2020-12-10,57,7888,2,308,59,8196,FALSE
North East And Yorkshire,2020-12-11,59,7947,5,313,64,8260,FALSE
North East And Yorkshire,2020-12-12,55,8002,1,314,56,8316,FALSE
North East And Yorkshire,2020-12-13,51,8053,5,319,56,8372,FALSE
North East And Yorkshire,2020-12-14,49,8102,3,322,52,8424,FALSE
North East And Yorkshire,2020-12-15,55,8157,2,324,57,8481,FALSE
North East And Yorkshire,2020-12-16,41,8198,0,324,41,8522,FALSE
North East And Yorkshire,2020-12-17,51,8249,6,330,57,8579,FALSE
North East And Yorkshire,2020-12-18,59,8308,5,335,64,8643,FALSE
North East And Yorkshire,2020-12-19,50,8358,2,337,52,8695,FALSE
North East And Yorkshire,2020-12-20,55,8413,4,341,59,8754,FALSE
North East And Yorkshire,2020-12-21,35,8448,7,348,42,8796,FALSE
North East And Yorkshire,2020-12-22,58,8506,9,357,67,8863,FALSE
North East And Yorkshire,2020-12-23,60,8566,3,360,63,8926,FALSE
North East And Yorkshire,2020-12-24,50,8616,2,362,52,8978,FALSE
North East And Yorkshire,2020-12-25,57,8673,4,366,61,9039,FALSE
North East And Yorkshire,2020-12-26,68,8741,2,368,70,9109,FALSE
North East And Yorkshire,2020-12-27,74,8815,7,375,81,9190,FALSE
North East And Yorkshire,2020-12-28,66,8881,5,380,71,9261,FALSE
North East And Yorkshire,2020-12-29,59,8940,6,386,65,9326,FALSE
North East And Yorkshire,2020-12-30,42,8982,3,389,45,9371,FALSE
North East And Yorkshire,2020-12-31,52,9034,5,394,57,9428,FALSE
North East And Yorkshire,2021-01-01,71,9105,2,396,73,9501,FALSE
North East And Yorkshire,2021-01-02,60,9165,2,398,62,9563,FALSE
North East And Yorkshire,2021-01-03,49,9214,4,402,53,9616,FALSE
North East And Yorkshire,2021-01-04,65,9279,4,406,69,9685,FALSE
North East And Yorkshire,2021-01-05,65,9344,1,407,66,9751,FALSE
North East And Yorkshire,2021-01-06,61,9405,2,409,63,9814,FALSE
North East And Yorkshire,2021-01-07,73,9478,5,414,78,9892,FALSE
North East And Yorkshire,2021-01-08,68,9546,6,420,74,9966,FALSE
North East And Yorkshire,2021-01-09,58,9604,1,421,59,10025,FALSE
North East And Yorkshire,2021-01-10,82,9686,2,423,84,10109,FALSE
North East And Yorkshire,2021-01-11,83,9769,1,424,84,10193,FALSE
North East And Yorkshire,2021-01-12,69,9838,6,430,75,10268,FALSE
North East And Yorkshire,2021-01-13,77,9915,6,436,83,10351,FALSE
North East And Yorkshire,2021-01-14,71,9986,5,441,76,10427,FALSE
North East And Yorkshire,2021-01-15,97,10083,6,447,103,10530,FALSE
North East And Yorkshire,2021-01-16,100,10183,3,450,103,10633,FALSE
North East And Yorkshire,2021-01-17,76,10259,3,453,79,10712,FALSE
North East And Yorkshire,2021-01-18,84,10343,4,457,88,10800,FALSE
North East And Yorkshire,2021-01-19,104,10447,7,464,111,10911,FALSE
North East And Yorkshire,2021-01-20,92,10539,5,469,97,11008,FALSE
North East And Yorkshire,2021-01-21,87,10626,5,474,92,11100,FALSE
North East And Yorkshire,2021-01-22,80,10706,3,477,83,11183,FALSE
North East And Yorkshire,2021-01-23,70,10776,7,484,77,11260,FALSE
North East And Yorkshire,2021-01-24,64,10840,3,487,67,11327,FALSE
North East And Yorkshire,2021-01-25,79,10919,4,491,83,11410,FALSE
North East And Yorkshire,2021-01-26,74,10993,4,495,78,11488,FALSE
North East And Yorkshire,2021-01-27,71,11064,3,498,74,11562,FALSE
North East And Yorkshire,2021-01-28,74,11138,5,503,79,11641,FALSE
North East And Yorkshire,2021-01-29,85,11223,4,507,89,11730,FALSE
North East And Yorkshire,2021-01-30,76,11299,4,511,80,11810,FALSE
North East And Yorkshire,2021-01-31,83,11382,6,517,89,11899,FALSE
North East And Yorkshire,2021-02-01,79,11461,5,522,84,11983,FALSE
North East And Yorkshire,2021-02-02,71,11532,6,528,77,12060,FALSE
North East And Yorkshire,2021-02-03,83,11615,1,529,84,12144,FALSE
North East And Yorkshire,2021-02-04,70,11685,6,535,76,12220,FALSE
North East And Yorkshire,2021-02-05,81,11766,4,539,85,12305,FALSE
North East And Yorkshire,2021-02-06,52,11818,2,541,54,12359,FALSE
North East And Yorkshire,2021-02-07,59,11877,3,544,62,12421,FALSE
North East And Yorkshire,2021-02-08,53,11930,3,547,56,12477,FALSE
North East And Yorkshire,2021-02-09,54,11984,6,553,60,12537,FALSE
North East And Yorkshire,2021-02-10,62,12046,3,556,65,12602,FALSE
North East And Yorkshire,2021-02-11,67,12113,6,562,73,12675,FALSE
North East And Yorkshire,2021-02-12,60,12173,8,570,68,12743,FALSE
North East And Yorkshire,2021-02-13,54,12227,5,575,59,12802,FALSE
North East And Yorkshire,2021-02-14,60,12287,5,580,65,12867,FALSE
North East And Yorkshire,2021-02-15,62,12349,5,585,67,12934,FALSE
North East And Yorkshire,2021-02-16,50,12399,3,588,53,12987,FALSE
North East And Yorkshire,2021-02-17,50,12449,4,592,54,13041,FALSE
North East And Yorkshire,2021-02-18,48,12497,4,596,52,13093,FALSE
North East And Yorkshire,2021-02-19,45,12542,1,597,46,13139,FALSE
North East And Yorkshire,2021-02-20,39,12581,3,600,42,13181,FALSE
North East And Yorkshire,2021-02-21,40,12621,6,606,46,13227,FALSE
North East And Yorkshire,2021-02-22,21,12642,5,611,26,13253,FALSE
North East And Yorkshire,2021-02-23,39,12681,2,613,41,13294,FALSE
North East And Yorkshire,2021-02-24,35,12716,1,614,36,13330,FALSE
North East And Yorkshire,2021-02-25,30,12746,3,617,33,13363,FALSE
North East And Yorkshire,2021-02-26,26,12772,5,622,31,13394,FALSE
North East And Yorkshire,2021-02-27,32,12804,4,626,36,13430,FALSE
North East And Yorkshire,2021-02-28,29,12833,3,629,32,13462,FALSE
North East And Yorkshire,2021-03-01,20,12853,6,635,26,13488,FALSE
North East And Yorkshire,2021-03-02,17,12870,3,638,20,13508,FALSE
North East And Yorkshire,2021-03-03,28,12898,4,642,32,13540,FALSE
North East And Yorkshire,2021-03-04,18,12916,5,647,23,13563,FALSE
North East And Yorkshire,2021-03-05,28,12944,4,651,32,13595,FALSE
North East And Yorkshire,2021-03-06,25,12969,6,657,31,13626,FALSE
North East And Yorkshire,2021-03-07,19,12988,3,660,22,13648,FALSE
North East And Yorkshire,2021-03-08,20,13008,4,664,24,13672,FALSE
North East And Yorkshire,2021-03-09,23,13031,2,666,25,13697,FALSE
North East And Yorkshire,2021-03-10,16,13047,3,669,19,13716,FALSE
North East And Yorkshire,2021-03-11,15,13062,1,670,16,13732,FALSE
North East And Yorkshire,2021-03-12,16,13078,3,673,19,13751,FALSE
North East And Yorkshire,2021-03-13,14,13092,2,675,16,13767,FALSE
North East And Yorkshire,2021-03-14,12,13104,2,677,14,13781,FALSE
North East And Yorkshire,2021-03-15,14,13118,2,679,16,13797,FALSE
North East And Yorkshire,2021-03-16,11,13129,3,682,14,13811,FALSE
North East And Yorkshire,2021-03-17,9,13138,3,685,12,13823,FALSE
North East And Yorkshire,2021-03-18,10,13148,1,686,11,13834,FALSE
North East And Yorkshire,2021-03-19,7,13155,2,688,9,13843,FALSE
North East And Yorkshire,2021-03-20,10,13165,4,692,14,13857,FALSE
North East And Yorkshire,2021-03-21,10,13175,1,693,11,13868,FALSE
North East And Yorkshire,2021-03-22,7,13182,1,694,8,13876,FALSE
North East And Yorkshire,2021-03-23,14,13196,2,696,16,13892,FALSE
North East And Yorkshire,2021-03-24,4,13200,0,696,4,13896,FALSE
North East And Yorkshire,2021-03-25,7,13207,0,696,7,13903,FALSE
North East And Yorkshire,2021-03-26,10,13217,2,698,12,13915,FALSE
North East And Yorkshire,2021-03-27,3,13220,3,701,6,13921,FALSE
North East And Yorkshire,2021-03-28,4,13224,1,702,5,13926,FALSE
North East And Yorkshire,2021-03-29,6,13230,4,706,10,13936,FALSE
North East And Yorkshire,2021-03-30,7,13237,0,706,7,13943,FALSE
North East And Yorkshire,2021-03-31,8,13245,0,706,8,13951,FALSE
North East And Yorkshire,2021-04-01,5,13250,0,706,5,13956,FALSE
North East And Yorkshire,2021-04-02,3,13253,0,706,3,13959,FALSE
North East And Yorkshire,2021-04-03,4,13257,0,706,4,13963,FALSE
North East And Yorkshire,2021-04-04,4,13261,2,708,6,13969,FALSE
North East And Yorkshire,2021-04-05,2,13263,0,708,2,13971,FALSE
North East And Yorkshire,2021-04-06,6,13269,0,708,6,13977,FALSE
North East And Yorkshire,2021-04-07,6,13275,0,708,6,13983,FALSE
North East And Yorkshire,2021-04-08,8,13283,3,711,11,13994,FALSE
North East And Yorkshire,2021-04-09,4,13287,1,712,5,13999,FALSE
North East And Yorkshire,2021-04-10,5,13292,0,712,5,14004,FALSE
North East And Yorkshire,2021-04-11,5,13297,0,712,5,14009,FALSE
North East And Yorkshire,2021-04-12,9,13306,0,712,9,14018,FALSE
North East And Yorkshire,2021-04-13,4,13310,4,716,8,14026,FALSE
North East And Yorkshire,2021-04-14,4,13314,0,716,4,14030,FALSE
North East And Yorkshire,2021-04-15,8,13322,0,716,8,14038,FALSE
North East And Yorkshire,2021-04-16,3,13325,1,717,4,14042,FALSE
North East And Yorkshire,2021-04-17,5,13330,2,719,7,14049,FALSE
North East And Yorkshire,2021-04-18,1,13331,0,719,1,14050,FALSE
North East And Yorkshire,2021-04-19,1,13332,1,720,2,14052,FALSE
North East And Yorkshire,2021-04-20,6,13338,0,720,6,14058,FALSE
North East And Yorkshire,2021-04-21,4,13342,1,721,5,14063,FALSE
North East And Yorkshire,2021-04-22,3,13345,1,722,4,14067,FALSE
North East And Yorkshire,2021-04-23,1,13346,0,722,1,14068,FALSE
North East And Yorkshire,2021-04-24,0,13346,2,724,2,14070,FALSE
North East And Yorkshire,2021-04-25,2,13348,1,725,3,14073,FALSE
North East And Yorkshire,2021-04-26,1,13349,0,725,1,14074,FALSE
North East And Yorkshire,2021-04-27,2,13351,0,725,2,14076,FALSE
North East And Yorkshire,2021-04-28,2,13353,1,726,3,14079,FALSE
North East And Yorkshire,2021-04-29,0,13353,0,726,0,14079,FALSE
North East And Yorkshire,2021-04-30,3,13356,0,726,3,14082,FALSE
North East And Yorkshire,2021-05-01,2,13358,0,726,2,14084,FALSE
North East And Yorkshire,2021-05-02,3,13361,0,726,3,14087,FALSE
North East And Yorkshire,2021-05-03,2,13363,0,726,2,14089,FALSE
North East And Yorkshire,2021-05-04,2,13365,0,726,2,14091,FALSE
North East And Yorkshire,2021-05-05,5,13370,1,727,6,14097,FALSE
North East And Yorkshire,2021-05-06,0,13370,1,728,1,14098,FALSE
North East And Yorkshire,2021-05-07,3,13373,0,728,3,14101,FALSE
North East And Yorkshire,2021-05-08,3,13376,0,728,3,14104,FALSE
North East And Yorkshire,2021-05-09,2,13378,1,729,3,14107,FALSE
North East And Yorkshire,2021-05-10,0,13378,0,729,0,14107,FALSE
North East And Yorkshire,2021-05-11,2,13380,0,729,2,14109,FALSE
North East And Yorkshire,2021-05-12,5,13385,3,732,8,14117,FALSE
North East And Yorkshire,2021-05-13,1,13386,0,732,1,14118,FALSE
North East And Yorkshire,2021-05-14,0,13386,0,732,0,14118,FALSE
North East And Yorkshire,2021-05-15,1,13387,1,733,2,14120,FALSE
North East And Yorkshire,2021-05-16,1,13388,0,733,1,14121,FALSE
North East And Yorkshire,2021-05-17,1,13389,1,734,2,14123,FALSE
North East And Yorkshire,2021-05-18,0,13389,1,735,1,14124,FALSE
North East And Yorkshire,2021-05-19,1,13390,0,735,1,14125,FALSE
North East And Yorkshire,2021-05-20,0,13390,0,735,0,14125,FALSE
North East And Yorkshire,2021-05-21,1,13391,0,735,1,14126,FALSE
North East And Yorkshire,2021-05-22,0,13391,0,735,0,14126,FALSE
North East And Yorkshire,2021-05-23,0,13391,0,735,0,14126,FALSE
North East And Yorkshire,2021-05-24,1,13392,0,735,1,14127,FALSE
North East And Yorkshire,2021-05-25,0,13392,0,735,0,14127,FALSE
North East And Yorkshire,2021-05-26,2,13394,0,735,2,14129,FALSE
North East And Yorkshire,2021-05-27,0,13394,0,735,0,14129,FALSE
North East And Yorkshire,2021-05-28,2,13396,0,735,2,14131,FALSE
North East And Yorkshire,2021-05-29,0,13396,0,735,0,14131,FALSE
North East And Yorkshire,2021-05-30,1,13397,1,736,2,14133,FALSE
North East And Yorkshire,2021-05-31,1,13398,0,736,1,14134,FALSE
North East And Yorkshire,2021-06-01,0,13398,0,736,0,14134,FALSE
North East And Yorkshire,2021-06-02,2,13400,0,736,2,14136,FALSE
North East And Yorkshire,2021-06-03,0,13400,1,737,1,14137,FALSE
North East And Yorkshire,2021-06-04,0,13400,1,738,1,14138,FALSE
North East And Yorkshire,2021-06-05,1,13401,0,738,1,14139,FALSE
North East And Yorkshire,2021-06-06,1,13402,1,739,2,14141,FALSE
North East And Yorkshire,2021-06-07,0,13402,0,739,0,14141,FALSE
North East And Yorkshire,2021-06-08,1,13403,0,739,1,14142,FALSE
North East And Yorkshire,2021-06-09,0,13403,0,739,0,14142,FALSE
North East And Yorkshire,2021-06-10,1,13404,0,739,1,14143,FALSE
North East And Yorkshire,2021-06-11,2,13406,1,740,3,14146,FALSE
North East And Yorkshire,2021-06-12,0,13406,0,740,0,14146,FALSE
North East And Yorkshire,2021-06-13,1,13407,0,740,1,14147,FALSE
North East And Yorkshire,2021-06-14,0,13407,0,740,0,14147,FALSE
North East And Yorkshire,2021-06-15,2,13409,0,740,2,14149,FALSE
North East And Yorkshire,2021-06-16,0,13409,0,740,0,14149,FALSE
North East And Yorkshire,2021-06-17,0,13409,0,740,0,14149,FALSE
North East And Yorkshire,2021-06-18,0,13409,0,740,0,14149,FALSE
North East And Yorkshire,2021-06-19,2,13411,0,740,2,14151,FALSE
North East And Yorkshire,2021-06-20,3,13414,0,740,3,14154,FALSE
North East And Yorkshire,2021-06-21,2,13416,0,740,2,14156,FALSE
North East And Yorkshire,2021-06-22,3,13419,0,740,3,14159,FALSE
North East And Yorkshire,2021-06-23,0,13419,0,740,0,14159,FALSE
North East And Yorkshire,2021-06-24,2,13421,0,740,2,14161,FALSE
North East And Yorkshire,2021-06-25,0,13421,0,740,0,14161,FALSE
North East And Yorkshire,2021-06-26,1,13422,0,740,1,14162,FALSE
North East And Yorkshire,2021-06-27,4,13426,1,741,5,14167,FALSE
North East And Yorkshire,2021-06-28,3,13429,0,741,3,14170,FALSE
North East And Yorkshire,2021-06-29,3,13432,0,741,3,14173,FALSE
North East And Yorkshire,2021-06-30,1,13433,0,741,1,14174,FALSE
North East And Yorkshire,2021-07-01,5,13438,0,741,5,14179,FALSE
North East And Yorkshire,2021-07-02,2,13440,0,741,2,14181,FALSE
North East And Yorkshire,2021-07-03,5,13445,1,742,6,14187,FALSE
North East And Yorkshire,2021-07-04,1,13446,0,742,1,14188,FALSE
North East And Yorkshire,2021-07-05,0,13446,0,742,0,14188,FALSE
North East And Yorkshire,2021-07-06,4,13450,0,742,4,14192,FALSE
North East And Yorkshire,2021-07-07,2,13452,0,742,2,14194,FALSE
North East And Yorkshire,2021-07-08,5,13457,0,742,5,14199,FALSE
North East And Yorkshire,2021-07-09,8,13465,0,742,8,14207,FALSE
North East And Yorkshire,2021-07-10,3,13468,0,742,3,14210,FALSE
North East And Yorkshire,2021-07-11,5,13473,0,742,5,14215,FALSE
North East And Yorkshire,2021-07-12,2,13475,0,742,2,14217,FALSE
North East And Yorkshire,2021-07-13,12,13487,0,742,12,14229,FALSE
North East And Yorkshire,2021-07-14,8,13495,0,742,8,14237,FALSE
North East And Yorkshire,2021-07-15,11,13506,0,742,11,14248,FALSE
North East And Yorkshire,2021-07-16,8,13514,0,742,8,14256,FALSE
North East And Yorkshire,2021-07-17,6,13520,0,742,6,14262,FALSE
North East And Yorkshire,2021-07-18,12,13532,0,742,12,14274,FALSE
North East And Yorkshire,2021-07-19,20,13552,2,744,22,14296,FALSE
North East And Yorkshire,2021-07-20,12,13564,0,744,12,14308,FALSE
North East And Yorkshire,2021-07-21,11,13575,0,744,11,14319,FALSE
North East And Yorkshire,2021-07-22,7,13582,1,745,8,14327,FALSE
North East And Yorkshire,2021-07-23,12,13594,0,745,12,14339,FALSE
North East And Yorkshire,2021-07-24,13,13607,0,745,13,14352,FALSE
North East And Yorkshire,2021-07-25,13,13620,0,745,13,14365,FALSE
North East And Yorkshire,2021-07-26,16,13636,0,745,16,14381,FALSE
North East And Yorkshire,2021-07-27,12,13648,1,746,13,14394,FALSE
North East And Yorkshire,2021-07-28,18,13666,0,746,18,14412,FALSE
North East And Yorkshire,2021-07-29,16,13682,0,746,16,14428,FALSE
North East And Yorkshire,2021-07-30,13,13695,1,747,14,14442,FALSE
North East And Yorkshire,2021-07-31,16,13711,2,749,18,14460,FALSE
North East And Yorkshire,2021-08-01,10,13721,1,750,11,14471,FALSE
North East And Yorkshire,2021-08-02,13,13734,0,750,13,14484,FALSE
North East And Yorkshire,2021-08-03,17,13751,0,750,17,14501,FALSE
North East And Yorkshire,2021-08-04,10,13761,1,751,11,14512,FALSE
North East And Yorkshire,2021-08-05,25,13786,0,751,25,14537,FALSE
North East And Yorkshire,2021-08-06,16,13802,0,751,16,14553,FALSE
North East And Yorkshire,2021-08-07,16,13818,0,751,16,14569,FALSE
North East And Yorkshire,2021-08-08,14,13832,0,751,14,14583,FALSE
North East And Yorkshire,2021-08-09,13,13845,0,751,13,14596,FALSE
North East And Yorkshire,2021-08-10,15,13860,0,751,15,14611,FALSE
North East And Yorkshire,2021-08-11,15,13875,0,751,15,14626,FALSE
North East And Yorkshire,2021-08-12,20,13895,0,751,20,14646,FALSE
North East And Yorkshire,2021-08-13,15,13910,1,752,16,14662,FALSE
North East And Yorkshire,2021-08-14,16,13926,3,755,19,14681,FALSE
North East And Yorkshire,2021-08-15,12,13938,1,756,13,14694,FALSE
North East And Yorkshire,2021-08-16,13,13951,0,756,13,14707,FALSE
North East And Yorkshire,2021-08-17,15,13966,1,757,16,14723,FALSE
North East And Yorkshire,2021-08-18,15,13981,1,758,16,14739,FALSE
North East And Yorkshire,2021-08-19,17,13998,0,758,17,14756,FALSE
North East And Yorkshire,2021-08-20,18,14016,0,758,18,14774,FALSE
North East And Yorkshire,2021-08-21,15,14031,1,759,16,14790,FALSE
North East And Yorkshire,2021-08-22,17,14048,2,761,19,14809,FALSE
North East And Yorkshire,2021-08-23,16,14064,1,762,17,14826,FALSE
North East And Yorkshire,2021-08-24,20,14084,0,762,20,14846,FALSE
North East And Yorkshire,2021-08-25,9,14093,0,762,9,14855,FALSE
North East And Yorkshire,2021-08-26,8,14101,0,762,8,14863,FALSE
North East And Yorkshire,2021-08-27,22,14123,1,763,23,14886,FALSE
North East And Yorkshire,2021-08-28,17,14140,1,764,18,14904,FALSE
North East And Yorkshire,2021-08-29,19,14159,2,766,21,14925,FALSE
North East And Yorkshire,2021-08-30,13,14172,3,769,16,14941,FALSE
North East And Yorkshire,2021-08-31,26,14198,2,771,28,14969,FALSE
North East And Yorkshire,2021-09-01,15,14213,0,771,15,14984,FALSE
North East And Yorkshire,2021-09-02,14,14227,1,772,15,14999,FALSE
North East And Yorkshire,2021-09-03,22,14249,1,773,23,15022,FALSE
North East And Yorkshire,2021-09-04,17,14266,0,773,17,15039,FALSE
North East And Yorkshire,2021-09-05,23,14289,1,774,24,15063,FALSE
North East And Yorkshire,2021-09-06,20,14309,0,774,20,15083,FALSE
North East And Yorkshire,2021-09-07,13,14322,1,775,14,15097,FALSE
North East And Yorkshire,2021-09-08,16,14338,0,775,16,15113,FALSE
North East And Yorkshire,2021-09-09,22,14360,1,776,23,15136,FALSE
North East And Yorkshire,2021-09-10,27,14387,1,777,28,15164,FALSE
North East And Yorkshire,2021-09-11,14,14401,1,778,15,15179,FALSE
North East And Yorkshire,2021-09-12,17,14418,0,778,17,15196,FALSE
North East And Yorkshire,2021-09-13,12,14430,1,779,13,15209,FALSE
North East And Yorkshire,2021-09-14,24,14454,2,781,26,15235,FALSE
North East And Yorkshire,2021-09-15,19,14473,3,784,22,15257,FALSE
North East And Yorkshire,2021-09-16,26,14499,1,785,27,15284,FALSE
North East And Yorkshire,2021-09-17,16,14515,1,786,17,15301,FALSE
North East And Yorkshire,2021-09-18,10,14525,3,789,13,15314,FALSE
North East And Yorkshire,2021-09-19,20,14545,2,791,22,15336,FALSE
North East And Yorkshire,2021-09-20,27,14572,0,791,27,15363,FALSE
North East And Yorkshire,2021-09-21,16,14588,1,792,17,15380,FALSE
North East And Yorkshire,2021-09-22,20,14608,0,792,20,15400,FALSE
North East And Yorkshire,2021-09-23,14,14622,3,795,17,15417,FALSE
North East And Yorkshire,2021-09-24,22,14644,2,797,24,15441,FALSE
North East And Yorkshire,2021-09-25,12,14656,1,798,13,15454,FALSE
North East And Yorkshire,2021-09-26,15,14671,1,799,16,15470,FALSE
North East And Yorkshire,2021-09-27,11,14682,3,802,14,15484,FALSE
North East And Yorkshire,2021-09-28,11,14693,1,803,12,15496,FALSE
North East And Yorkshire,2021-09-29,23,14716,1,804,24,15520,FALSE
North East And Yorkshire,2021-09-30,14,14730,5,809,19,15539,FALSE
North East And Yorkshire,2021-10-01,15,14745,1,810,16,15555,FALSE
North East And Yorkshire,2021-10-02,12,14757,1,811,13,15568,FALSE
North East And Yorkshire,2021-10-03,17,14774,0,811,17,15585,FALSE
North East And Yorkshire,2021-10-04,10,14784,4,815,14,15599,FALSE
North East And Yorkshire,2021-10-05,9,14793,1,816,10,15609,FALSE
North East And Yorkshire,2021-10-06,12,14805,0,816,12,15621,FALSE
North East And Yorkshire,2021-10-07,18,14823,0,816,18,15639,FALSE
North East And Yorkshire,2021-10-08,23,14846,1,817,24,15663,FALSE
North East And Yorkshire,2021-10-09,13,14859,2,819,15,15678,FALSE
North East And Yorkshire,2021-10-10,10,14869,2,821,12,15690,FALSE
North East And Yorkshire,2021-10-11,16,14885,0,821,16,15706,FALSE
North East And Yorkshire,2021-10-12,18,14903,2,823,20,15726,FALSE
North East And Yorkshire,2021-10-13,25,14928,2,825,27,15753,FALSE
North East And Yorkshire,2021-10-14,21,14949,1,826,22,15775,FALSE
North East And Yorkshire,2021-10-15,26,14975,0,826,26,15801,FALSE
North East And Yorkshire,2021-10-16,20,14995,1,827,21,15822,FALSE
North East And Yorkshire,2021-10-17,16,15011,1,828,17,15839,FALSE
North East And Yorkshire,2021-10-18,15,15026,0,828,15,15854,FALSE
North East And Yorkshire,2021-10-19,20,15046,1,829,21,15875,FALSE
North East And Yorkshire,2021-10-20,26,15072,1,830,27,15902,FALSE
North East And Yorkshire,2021-10-21,20,15092,1,831,21,15923,FALSE
North East And Yorkshire,2021-10-22,24,15116,0,831,24,15947,FALSE
North East And Yorkshire,2021-10-23,21,15137,3,834,24,15971,FALSE
North East And Yorkshire,2021-10-24,22,15159,2,836,24,15995,FALSE
North East And Yorkshire,2021-10-25,23,15182,1,837,24,16019,FALSE
North East And Yorkshire,2021-10-26,15,15197,4,841,19,16038,FALSE
North East And Yorkshire,2021-10-27,30,15227,0,841,30,16068,FALSE
North East And Yorkshire,2021-10-28,22,15249,3,844,25,16093,FALSE
North East And Yorkshire,2021-10-29,14,15263,1,845,15,16108,FALSE
North East And Yorkshire,2021-10-30,26,15289,3,848,29,16137,FALSE
North East And Yorkshire,2021-10-31,30,15319,0,848,30,16167,FALSE
North East And Yorkshire,2021-11-01,17,15336,0,848,17,16184,FALSE
North East And Yorkshire,2021-11-02,28,15364,0,848,28,16212,FALSE
North East And Yorkshire,2021-11-03,23,15387,3,851,26,16238,FALSE
North East And Yorkshire,2021-11-04,22,15409,3,854,25,16263,FALSE
North East And Yorkshire,2021-11-05,20,15429,1,855,21,16284,FALSE
North East And Yorkshire,2021-11-06,21,15450,2,857,23,16307,FALSE
North East And Yorkshire,2021-11-07,22,15472,0,857,22,16329,FALSE
North East And Yorkshire,2021-11-08,16,15488,0,857,16,16345,FALSE
North East And Yorkshire,2021-11-09,18,15506,2,859,20,16365,FALSE
North East And Yorkshire,2021-11-10,17,15523,1,860,18,16383,FALSE
North East And Yorkshire,2021-11-11,25,15548,0,860,25,16408,FALSE
North East And Yorkshire,2021-11-12,18,15566,1,861,19,16427,FALSE
North East And Yorkshire,2021-11-13,18,15584,4,865,22,16449,FALSE
North East And Yorkshire,2021-11-14,17,15601,2,867,19,16468,FALSE
North East And Yorkshire,2021-11-15,16,15617,1,868,17,16485,FALSE
North East And Yorkshire,2021-11-16,17,15634,1,869,18,16503,FALSE
North East And Yorkshire,2021-11-17,13,15647,0,869,13,16516,FALSE
North East And Yorkshire,2021-11-18,22,15669,2,871,24,16540,FALSE
North East And Yorkshire,2021-11-19,16,15685,1,872,17,16557,FALSE
North East And Yorkshire,2021-11-20,15,15700,1,873,16,16573,FALSE
North East And Yorkshire,2021-11-21,14,15714,1,874,15,16588,FALSE
North East And Yorkshire,2021-11-22,16,15730,0,874,16,16604,FALSE
North East And Yorkshire,2021-11-23,13,15743,2,876,15,16619,FALSE
North East And Yorkshire,2021-11-24,19,15762,4,880,23,16642,FALSE
North East And Yorkshire,2021-11-25,20,15782,0,880,20,16662,FALSE
North East And Yorkshire,2021-11-26,18,15800,2,882,20,16682,FALSE
North East And Yorkshire,2021-11-27,11,15811,0,882,11,16693,FALSE
North East And Yorkshire,2021-11-28,15,15826,2,884,17,16710,FALSE
North East And Yorkshire,2021-11-29,16,15842,2,886,18,16728,FALSE
North East And Yorkshire,2021-11-30,9,15851,2,888,11,16739,FALSE
North East And Yorkshire,2021-12-01,17,15868,1,889,18,16757,FALSE
North East And Yorkshire,2021-12-02,13,15881,1,890,14,16771,FALSE
North East And Yorkshire,2021-12-03,21,15902,2,892,23,16794,FALSE
North East And Yorkshire,2021-12-04,21,15923,2,894,23,16817,FALSE
North East And Yorkshire,2021-12-05,17,15940,1,895,18,16835,FALSE
North East And Yorkshire,2021-12-06,13,15953,3,898,16,16851,FALSE
North East And Yorkshire,2021-12-07,14,15967,1,899,15,16866,FALSE
North East And Yorkshire,2021-12-08,14,15981,2,901,16,16882,FALSE
North East And Yorkshire,2021-12-09,9,15990,1,902,10,16892,FALSE
North East And Yorkshire,2021-12-10,12,16002,2,904,14,16906,FALSE
North East And Yorkshire,2021-12-11,12,16014,0,904,12,16918,FALSE
North East And Yorkshire,2021-12-12,16,16030,2,906,18,16936,FALSE
North East And Yorkshire,2021-12-13,17,16047,0,906,17,16953,FALSE
North East And Yorkshire,2021-12-14,7,16054,2,908,9,16962,FALSE
North East And Yorkshire,2021-12-15,9,16063,0,908,9,16971,FALSE
North East And Yorkshire,2021-12-16,10,16073,0,908,10,16981,FALSE
North East And Yorkshire,2021-12-17,16,16089,1,909,17,16998,FALSE
North East And Yorkshire,2021-12-18,7,16096,5,914,12,17010,FALSE
North East And Yorkshire,2021-12-19,12,16108,0,914,12,17022,FALSE
North East And Yorkshire,2021-12-20,17,16125,0,914,17,17039,FALSE
North East And Yorkshire,2021-12-21,10,16135,0,914,10,17049,FALSE
North East And Yorkshire,2021-12-22,16,16151,0,914,16,17065,FALSE
North East And Yorkshire,2021-12-23,9,16160,2,916,11,17076,FALSE
North East And Yorkshire,2021-12-24,10,16170,1,917,11,17087,FALSE
North East And Yorkshire,2021-12-25,17,16187,3,920,20,17107,FALSE
North East And Yorkshire,2021-12-26,16,16203,3,923,19,17126,FALSE
North East And Yorkshire,2021-12-27,9,16212,0,923,9,17135,FALSE
North East And Yorkshire,2021-12-28,18,16230,0,923,18,17153,FALSE
North East And Yorkshire,2021-12-29,8,16238,1,924,9,17162,FALSE
North East And Yorkshire,2021-12-30,17,16255,0,924,17,17179,FALSE
North East And Yorkshire,2021-12-31,13,16268,2,926,15,17194,FALSE
North East And Yorkshire,2022-01-01,18,16286,1,927,19,17213,FALSE
North East And Yorkshire,2022-01-02,12,16298,2,929,14,17227,FALSE
North East And Yorkshire,2022-01-03,18,16316,2,931,20,17247,FALSE
North East And Yorkshire,2022-01-04,15,16331,1,932,16,17263,FALSE
North East And Yorkshire,2022-01-05,17,16348,0,932,17,17280,FALSE
North East And Yorkshire,2022-01-06,25,16373,0,932,25,17305,FALSE
North East And Yorkshire,2022-01-07,28,16401,1,933,29,17334,FALSE
North East And Yorkshire,2022-01-08,24,16425,0,933,24,17358,FALSE
North East And Yorkshire,2022-01-09,21,16446,1,934,22,17380,FALSE
North East And Yorkshire,2022-01-10,32,16478,0,934,32,17412,FALSE
North East And Yorkshire,2022-01-11,31,16509,1,935,32,17444,FALSE
North East And Yorkshire,2022-01-12,38,16547,0,935,38,17482,FALSE
North East And Yorkshire,2022-01-13,26,16573,0,935,26,17508,FALSE
North East And Yorkshire,2022-01-14,29,16602,0,935,29,17537,FALSE
North East And Yorkshire,2022-01-15,31,16633,2,937,33,17570,FALSE
North East And Yorkshire,2022-01-16,40,16673,1,938,41,17611,FALSE
North East And Yorkshire,2022-01-17,36,16709,1,939,37,17648,FALSE
North East And Yorkshire,2022-01-18,28,16737,0,939,28,17676,FALSE
North East And Yorkshire,2022-01-19,30,16767,0,939,30,17706,FALSE
North East And Yorkshire,2022-01-20,26,16793,1,940,27,17733,FALSE
North East And Yorkshire,2022-01-21,35,16828,2,942,37,17770,FALSE
North East And Yorkshire,2022-01-22,39,16867,1,943,40,17810,FALSE
North East And Yorkshire,2022-01-23,33,16900,0,943,33,17843,FALSE
North East And Yorkshire,2022-01-24,32,16932,0,943,32,17875,FALSE
North East And Yorkshire,2022-01-25,26,16958,1,944,27,17902,FALSE
North East And Yorkshire,2022-01-26,35,16993,1,945,36,17938,FALSE
North East And Yorkshire,2022-01-27,34,17027,1,946,35,17973,FALSE
North East And Yorkshire,2022-01-28,34,17061,1,947,35,18008,FALSE
North East And Yorkshire,2022-01-29,27,17088,2,949,29,18037,FALSE
North East And Yorkshire,2022-01-30,25,17113,0,949,25,18062,FALSE
North East And Yorkshire,2022-01-31,41,17154,2,951,43,18105,FALSE
North East And Yorkshire,2022-02-01,26,17180,0,951,26,18131,FALSE
North East And Yorkshire,2022-02-02,19,17199,1,952,20,18151,FALSE
North East And Yorkshire,2022-02-03,23,17222,1,953,24,18175,FALSE
North East And Yorkshire,2022-02-04,23,17245,0,953,23,18198,FALSE
North East And Yorkshire,2022-02-05,27,17272,2,955,29,18227,FALSE
North East And Yorkshire,2022-02-06,23,17295,1,956,24,18251,FALSE
North East And Yorkshire,2022-02-07,23,17318,0,956,23,18274,FALSE
North East And Yorkshire,2022-02-08,23,17341,1,957,24,18298,FALSE
North East And Yorkshire,2022-02-09,17,17358,4,961,21,18319,FALSE
North East And Yorkshire,2022-02-10,18,17376,1,962,19,18338,FALSE
North East And Yorkshire,2022-02-11,14,17390,1,963,15,18353,FALSE
North East And Yorkshire,2022-02-12,16,17406,1,964,17,18370,FALSE
North East And Yorkshire,2022-02-13,23,17429,3,967,26,18396,FALSE
North East And Yorkshire,2022-02-14,30,17459,0,967,30,18426,FALSE
North East And Yorkshire,2022-02-15,21,17480,0,967,21,18447,FALSE
North East And Yorkshire,2022-02-16,18,17498,0,967,18,18465,FALSE
North East And Yorkshire,2022-02-17,14,17512,2,969,16,18481,FALSE
North East And Yorkshire,2022-02-18,13,17525,4,973,17,18498,FALSE
North East And Yorkshire,2022-02-19,18,17543,1,974,19,18517,FALSE
North East And Yorkshire,2022-02-20,18,17561,0,974,18,18535,FALSE
North East And Yorkshire,2022-02-21,12,17573,0,974,12,18547,FALSE
North East And Yorkshire,2022-02-22,14,17587,0,974,14,18561,FALSE
North East And Yorkshire,2022-02-23,10,17597,2,976,12,18573,FALSE
North East And Yorkshire,2022-02-24,20,17617,1,977,21,18594,FALSE
North East And Yorkshire,2022-02-25,13,17630,2,979,15,18609,FALSE
North East And Yorkshire,2022-02-26,14,17644,0,979,14,18623,FALSE
North East And Yorkshire,2022-02-27,15,17659,1,980,16,18639,FALSE
North East And Yorkshire,2022-02-28,15,17674,0,980,15,18654,FALSE
North East And Yorkshire,2022-03-01,8,17682,1,981,9,18663,FALSE
North East And Yorkshire,2022-03-02,7,17689,2,983,9,18672,FALSE
North East And Yorkshire,2022-03-03,16,17705,0,983,16,18688,FALSE
North East And Yorkshire,2022-03-04,9,17714,0,983,9,18697,FALSE
North East And Yorkshire,2022-03-05,12,17726,1,984,13,18710,FALSE
North East And Yorkshire,2022-03-06,14,17740,0,984,14,18724,FALSE
North East And Yorkshire,2022-03-07,8,17748,0,984,8,18732,FALSE
North East And Yorkshire,2022-03-08,17,17765,2,986,19,18751,FALSE
North East And Yorkshire,2022-03-09,14,17779,1,987,15,18766,FALSE
North East And Yorkshire,2022-03-10,10,17789,1,988,11,18777,FALSE
North East And Yorkshire,2022-03-11,10,17799,0,988,10,18787,FALSE
North East And Yorkshire,2022-03-12,18,17817,2,990,20,18807,FALSE
North East And Yorkshire,2022-03-13,9,17826,0,990,9,18816,FALSE
North East And Yorkshire,2022-03-14,14,17840,0,990,14,18830,FALSE
North East And Yorkshire,2022-03-15,7,17847,0,990,7,18837,FALSE
North East And Yorkshire,2022-03-16,21,17868,2,992,23,18860,FALSE
North East And Yorkshire,2022-03-17,13,17881,0,992,13,18873,FALSE
North East And Yorkshire,2022-03-18,19,17900,0,992,19,18892,FALSE
North East And Yorkshire,2022-03-19,13,17913,2,994,15,18907,FALSE
North East And Yorkshire,2022-03-20,19,17932,1,995,20,18927,FALSE
North East And Yorkshire,2022-03-21,10,17942,1,996,11,18938,FALSE
North East And Yorkshire,2022-03-22,22,17964,0,996,22,18960,FALSE
North East And Yorkshire,2022-03-23,13,17977,0,996,13,18973,FALSE
North East And Yorkshire,2022-03-24,17,17994,1,997,18,18991,FALSE
North East And Yorkshire,2022-03-25,23,18017,1,998,24,19015,FALSE
North East And Yorkshire,2022-03-26,22,18039,0,998,22,19037,FALSE
North East And Yorkshire,2022-03-27,16,18055,2,1000,18,19055,FALSE
North East And Yorkshire,2022-03-28,22,18077,1,1001,23,19078,FALSE
North East And Yorkshire,2022-03-29,28,18105,0,1001,28,19106,FALSE
North East And Yorkshire,2022-03-30,23,18128,1,1002,24,19130,FALSE
North East And Yorkshire,2022-03-31,21,18149,0,1002,21,19151,FALSE
North East And Yorkshire,2022-04-01,30,18179,0,1002,30,19181,FALSE
North East And Yorkshire,2022-04-02,29,18208,1,1003,30,19211,FALSE
North East And Yorkshire,2022-04-03,19,18227,0,1003,19,19230,FALSE
North East And Yorkshire,2022-04-04,21,18248,1,1004,22,19252,FALSE
North East And Yorkshire,2022-04-05,27,18275,1,1005,28,19280,FALSE
North East And Yorkshire,2022-04-06,30,18305,0,1005,30,19310,FALSE
North East And Yorkshire,2022-04-07,15,18320,1,1006,16,19326,FALSE
North East And Yorkshire,2022-04-08,23,18343,2,1008,25,19351,FALSE
North East And Yorkshire,2022-04-09,31,18374,0,1008,31,19382,FALSE
North East And Yorkshire,2022-04-10,31,18405,3,1011,34,19416,FALSE
North East And Yorkshire,2022-04-11,28,18433,0,1011,28,19444,FALSE
North East And Yorkshire,2022-04-12,22,18455,0,1011,22,19466,FALSE
North East And Yorkshire,2022-04-13,31,18486,0,1011,31,19497,FALSE
North East And Yorkshire,2022-04-14,29,18515,0,1011,29,19526,FALSE
North East And Yorkshire,2022-04-15,24,18539,1,1012,25,19551,FALSE
North East And Yorkshire,2022-04-16,27,18566,1,1013,28,19579,FALSE
North East And Yorkshire,2022-04-17,28,18594,3,1016,31,19610,FALSE
North East And Yorkshire,2022-04-18,20,18614,0,1016,20,19630,FALSE
North East And Yorkshire,2022-04-19,23,18637,2,1018,25,19655,FALSE
North East And Yorkshire,2022-04-20,19,18656,0,1018,19,19674,FALSE
North East And Yorkshire,2022-04-21,21,18677,0,1018,21,19695,FALSE
North East And Yorkshire,2022-04-22,16,18693,0,1018,16,19711,FALSE
North East And Yorkshire,2022-04-23,20,18713,2,1020,22,19733,FALSE
North East And Yorkshire,2022-04-24,14,18727,0,1020,14,19747,FALSE
North East And Yorkshire,2022-04-25,20,18747,0,1020,20,19767,FALSE
North East And Yorkshire,2022-04-26,24,18771,0,1020,24,19791,FALSE
North East And Yorkshire,2022-04-27,20,18791,1,1021,21,19812,FALSE
North East And Yorkshire,2022-04-28,19,18810,0,1021,19,19831,FALSE
North East And Yorkshire,2022-04-29,13,18823,0,1021,13,19844,FALSE
North East And Yorkshire,2022-04-30,17,18840,0,1021,17,19861,FALSE
North East And Yorkshire,2022-05-01,14,18854,0,1021,14,19875,FALSE
North East And Yorkshire,2022-05-02,13,18867,2,1023,15,19890,FALSE
North East And Yorkshire,2022-05-03,15,18882,1,1024,16,19906,FALSE
North East And Yorkshire,2022-05-04,18,18900,1,1025,19,19925,FALSE
North East And Yorkshire,2022-05-05,17,18917,2,1027,19,19944,FALSE
North East And Yorkshire,2022-05-06,13,18930,1,1028,14,19958,FALSE
North East And Yorkshire,2022-05-07,11,18941,1,1029,12,19970,FALSE
North East And Yorkshire,2022-05-08,14,18955,2,1031,16,19986,FALSE
North East And Yorkshire,2022-05-09,12,18967,0,1031,12,19998,FALSE
North East And Yorkshire,2022-05-10,5,18972,1,1032,6,20004,FALSE
North East And Yorkshire,2022-05-11,18,18990,0,1032,18,20022,FALSE
North East And Yorkshire,2022-05-12,12,19002,0,1032,12,20034,FALSE
North East And Yorkshire,2022-05-13,11,19013,0,1032,11,20045,FALSE
North East And Yorkshire,2022-05-14,15,19028,0,1032,15,20060,FALSE
North East And Yorkshire,2022-05-15,8,19036,1,1033,9,20069,FALSE
North East And Yorkshire,2022-05-16,11,19047,1,1034,12,20081,FALSE
North East And Yorkshire,2022-05-17,10,19057,1,1035,11,20092,FALSE
North East And Yorkshire,2022-05-18,7,19064,0,1035,7,20099,FALSE
North East And Yorkshire,2022-05-19,7,19071,0,1035,7,20106,FALSE
North East And Yorkshire,2022-05-20,9,19080,0,1035,9,20115,FALSE
North East And Yorkshire,2022-05-21,7,19087,0,1035,7,20122,FALSE
North East And Yorkshire,2022-05-22,7,19094,0,1035,7,20129,FALSE
North East And Yorkshire,2022-05-23,6,19100,0,1035,6,20135,FALSE
North East And Yorkshire,2022-05-24,6,19106,1,1036,7,20142,FALSE
North East And Yorkshire,2022-05-25,4,19110,0,1036,4,20146,FALSE
North East And Yorkshire,2022-05-26,5,19115,0,1036,5,20151,FALSE
North East And Yorkshire,2022-05-27,8,19123,0,1036,8,20159,FALSE
North East And Yorkshire,2022-05-28,6,19129,0,1036,6,20165,FALSE
North East And Yorkshire,2022-05-29,4,19133,0,1036,4,20169,FALSE
North East And Yorkshire,2022-05-30,11,19144,1,1037,12,20181,FALSE
North East And Yorkshire,2022-05-31,4,19148,0,1037,4,20185,FALSE
North East And Yorkshire,2022-06-01,10,19158,1,1038,11,20196,FALSE
North East And Yorkshire,2022-06-02,2,19160,0,1038,2,20198,FALSE
North East And Yorkshire,2022-06-03,5,19165,0,1038,5,20203,FALSE
North East And Yorkshire,2022-06-04,5,19170,1,1039,6,20209,FALSE
North East And Yorkshire,2022-06-05,2,19172,0,1039,2,20211,FALSE
North East And Yorkshire,2022-06-06,5,19177,0,1039,5,20216,FALSE
North East And Yorkshire,2022-06-07,11,19188,0,1039,11,20227,FALSE
North East And Yorkshire,2022-06-08,4,19192,0,1039,4,20231,FALSE
North East And Yorkshire,2022-06-09,4,19196,0,1039,4,20235,FALSE
North East And Yorkshire,2022-06-10,7,19203,0,1039,7,20242,FALSE
North East And Yorkshire,2022-06-11,3,19206,1,1040,4,20246,FALSE
North East And Yorkshire,2022-06-12,2,19208,1,1041,3,20249,FALSE
North East And Yorkshire,2022-06-13,5,19213,1,1042,6,20255,FALSE
North East And Yorkshire,2022-06-14,3,19216,1,1043,4,20259,FALSE
North East And Yorkshire,2022-06-15,6,19222,2,1045,8,20267,FALSE
North East And Yorkshire,2022-06-16,10,19232,0,1045,10,20277,FALSE
North East And Yorkshire,2022-06-17,5,19237,1,1046,6,20283,FALSE
North East And Yorkshire,2022-06-18,6,19243,0,1046,6,20289,FALSE
North East And Yorkshire,2022-06-19,1,19244,0,1046,1,20290,FALSE
North East And Yorkshire,2022-06-20,7,19251,0,1046,7,20297,FALSE
North East And Yorkshire,2022-06-21,6,19257,1,1047,7,20304,FALSE
North East And Yorkshire,2022-06-22,6,19263,0,1047,6,20310,FALSE
North East And Yorkshire,2022-06-23,10,19273,0,1047,10,20320,TRUE
North East And Yorkshire,2022-06-24,0,19273,0,1047,0,20320,TRUE
North East And Yorkshire,2022-06-25,2,19275,0,1047,2,20322,TRUE
North East And Yorkshire,2022-06-26,3,19278,0,1047,3,20325,TRUE
North East And Yorkshire,2022-06-27,1,19279,0,1047,1,20326,TRUE
North West,2020-02-29,0,0,0,0,0,0,FALSE
North West,2020-03-01,0,0,0,0,0,0,FALSE
North West,2020-03-02,0,0,0,0,0,0,FALSE
North West,2020-03-03,0,0,0,0,0,0,FALSE
North West,2020-03-04,0,0,0,0,0,0,FALSE
North West,2020-03-05,1,1,0,0,1,1,FALSE
North West,2020-03-06,0,1,0,0,0,1,FALSE
North West,2020-03-07,0,1,0,0,0,1,FALSE
North West,2020-03-08,1,2,0,0,1,2,FALSE
North West,2020-03-09,0,2,0,0,0,2,FALSE
North West,2020-03-10,0,2,0,0,0,2,FALSE
North West,2020-03-11,0,2,0,0,0,2,FALSE
North West,2020-03-12,2,4,0,0,2,4,FALSE
North West,2020-03-13,3,7,0,0,3,7,FALSE
North West,2020-03-14,1,8,0,0,1,8,FALSE
North West,2020-03-15,4,12,0,0,4,12,FALSE
North West,2020-03-16,2,14,0,0,2,14,FALSE
North West,2020-03-17,4,18,0,0,4,18,FALSE
North West,2020-03-18,6,24,0,0,6,24,FALSE
North West,2020-03-19,7,31,0,0,7,31,FALSE
North West,2020-03-20,10,41,0,0,10,41,FALSE
North West,2020-03-21,11,52,0,0,11,52,FALSE
North West,2020-03-22,13,65,0,0,13,65,FALSE
North West,2020-03-23,15,80,0,0,15,80,FALSE
North West,2020-03-24,21,101,0,0,21,101,FALSE
North West,2020-03-25,21,122,0,0,21,122,FALSE
North West,2020-03-26,29,151,0,0,29,151,FALSE
North West,2020-03-27,36,187,0,0,36,187,FALSE
North West,2020-03-28,28,215,0,0,28,215,FALSE
North West,2020-03-29,46,261,0,0,46,261,FALSE
North West,2020-03-30,67,328,0,0,67,328,FALSE
North West,2020-03-31,52,380,0,0,52,380,FALSE
North West,2020-04-01,86,466,0,0,86,466,FALSE
North West,2020-04-02,96,562,0,0,96,562,FALSE
North West,2020-04-03,95,657,0,0,95,657,FALSE
North West,2020-04-04,98,755,0,0,98,755,FALSE
North West,2020-04-05,102,857,0,0,102,857,FALSE
North West,2020-04-06,100,957,0,0,100,957,FALSE
North West,2020-04-07,136,1093,0,0,136,1093,FALSE
North West,2020-04-08,127,1220,0,0,127,1220,FALSE
North West,2020-04-09,119,1339,0,0,119,1339,FALSE
North West,2020-04-10,117,1456,0,0,117,1456,FALSE
North West,2020-04-11,139,1595,0,0,139,1595,FALSE
North West,2020-04-12,125,1720,0,0,125,1720,FALSE
North West,2020-04-13,130,1850,0,0,130,1850,FALSE
North West,2020-04-14,130,1980,1,1,131,1981,FALSE
North West,2020-04-15,114,2094,0,1,114,2095,FALSE
North West,2020-04-16,135,2229,0,1,135,2230,FALSE
North West,2020-04-17,98,2327,0,1,98,2328,FALSE
North West,2020-04-18,114,2441,0,1,114,2442,FALSE
North West,2020-04-19,71,2512,0,1,71,2513,FALSE
North West,2020-04-20,83,2595,0,1,83,2596,FALSE
North West,2020-04-21,76,2671,1,2,77,2673,FALSE
North West,2020-04-22,87,2758,0,2,87,2760,FALSE
North West,2020-04-23,85,2843,0,2,85,2845,FALSE
North West,2020-04-24,67,2910,3,5,70,2915,FALSE
North West,2020-04-25,67,2977,4,9,71,2986,FALSE
North West,2020-04-26,55,3032,2,11,57,3043,FALSE
North West,2020-04-27,54,3086,2,13,56,3099,FALSE
North West,2020-04-28,57,3143,2,15,59,3158,FALSE
North West,2020-04-29,64,3207,5,20,69,3227,FALSE
North West,2020-04-30,60,3267,4,24,64,3291,FALSE
North West,2020-05-01,45,3312,3,27,48,3339,FALSE
North West,2020-05-02,56,3368,1,28,57,3396,FALSE
North West,2020-05-03,55,3423,3,31,58,3454,FALSE
North West,2020-05-04,48,3471,4,35,52,3506,FALSE
North West,2020-05-05,49,3520,2,37,51,3557,FALSE
North West,2020-05-06,44,3564,4,41,48,3605,FALSE
North West,2020-05-07,50,3614,10,51,60,3665,FALSE
North West,2020-05-08,43,3657,5,56,48,3713,FALSE
North West,2020-05-09,31,3688,0,56,31,3744,FALSE
North West,2020-05-10,42,3730,3,59,45,3789,FALSE
North West,2020-05-11,35,3765,3,62,38,3827,FALSE
North West,2020-05-12,38,3803,2,64,40,3867,FALSE
North West,2020-05-13,25,3828,1,65,26,3893,FALSE
North West,2020-05-14,26,3854,5,70,31,3924,FALSE
North West,2020-05-15,33,3887,4,74,37,3961,FALSE
North West,2020-05-16,32,3919,0,74,32,3993,FALSE
North West,2020-05-17,24,3943,2,76,26,4019,FALSE
North West,2020-05-18,31,3974,1,77,32,4051,FALSE
North West,2020-05-19,35,4009,3,80,38,4089,FALSE
North West,2020-05-20,27,4036,3,83,30,4119,FALSE
North West,2020-05-21,28,4064,5,88,33,4152,FALSE
North West,2020-05-22,26,4090,2,90,28,4180,FALSE
North West,2020-05-23,31,4121,4,94,35,4215,FALSE
North West,2020-05-24,26,4147,3,97,29,4244,FALSE
North West,2020-05-25,31,4178,4,101,35,4279,FALSE
North West,2020-05-26,27,4205,3,104,30,4309,FALSE
North West,2020-05-27,27,4232,1,105,28,4337,FALSE
North West,2020-05-28,29,4261,1,106,30,4367,FALSE
North West,2020-05-29,20,4281,2,108,22,4389,FALSE
North West,2020-05-30,19,4300,1,109,20,4409,FALSE
North West,2020-05-31,13,4313,1,110,14,4423,FALSE
North West,2020-06-01,12,4325,0,110,12,4435,FALSE
North West,2020-06-02,27,4352,1,111,28,4463,FALSE
North West,2020-06-03,22,4374,3,114,25,4488,FALSE
North West,2020-06-04,22,4396,0,114,22,4510,FALSE
North West,2020-06-05,16,4412,1,115,17,4527,FALSE
North West,2020-06-06,26,4438,0,115,26,4553,FALSE
North West,2020-06-07,20,4458,1,116,21,4574,FALSE
North West,2020-06-08,23,4481,0,116,23,4597,FALSE
North West,2020-06-09,17,4498,0,116,17,4614,FALSE
North West,2020-06-10,16,4514,5,121,21,4635,FALSE
North West,2020-06-11,16,4530,0,121,16,4651,FALSE
North West,2020-06-12,11,4541,1,122,12,4663,FALSE
North West,2020-06-13,10,4551,0,122,10,4673,FALSE
North West,2020-06-14,15,4566,0,122,15,4688,FALSE
North West,2020-06-15,16,4582,1,123,17,4705,FALSE
North West,2020-06-16,16,4598,1,124,17,4722,FALSE
North West,2020-06-17,13,4611,1,125,14,4736,FALSE
North West,2020-06-18,14,4625,1,126,15,4751,FALSE
North West,2020-06-19,7,4632,0,126,7,4758,FALSE
North West,2020-06-20,11,4643,1,127,12,4770,FALSE
North West,2020-06-21,8,4651,0,127,8,4778,FALSE
North West,2020-06-22,11,4662,1,128,12,4790,FALSE
North West,2020-06-23,13,4675,1,129,14,4804,FALSE
North West,2020-06-24,13,4688,1,130,14,4818,FALSE
North West,2020-06-25,15,4703,0,130,15,4833,FALSE
North West,2020-06-26,6,4709,2,132,8,4841,FALSE
North West,2020-06-27,7,4716,0,132,7,4848,FALSE
North West,2020-06-28,9,4725,0,132,9,4857,FALSE
North West,2020-06-29,9,4734,0,132,9,4866,FALSE
North West,2020-06-30,7,4741,1,133,8,4874,FALSE
North West,2020-07-01,3,4744,3,136,6,4880,FALSE
North West,2020-07-02,6,4750,3,139,9,4889,FALSE
North West,2020-07-03,7,4757,0,139,7,4896,FALSE
North West,2020-07-04,4,4761,1,140,5,4901,FALSE
North West,2020-07-05,6,4767,0,140,6,4907,FALSE
North West,2020-07-06,9,4776,0,140,9,4916,FALSE
North West,2020-07-07,8,4784,0,140,8,4924,FALSE
North West,2020-07-08,5,4789,2,142,7,4931,FALSE
North West,2020-07-09,10,4799,1,143,11,4942,FALSE
North West,2020-07-10,2,4801,0,143,2,4944,FALSE
North West,2020-07-11,5,4806,0,143,5,4949,FALSE
North West,2020-07-12,0,4806,1,144,1,4950,FALSE
North West,2020-07-13,6,4812,1,145,7,4957,FALSE
North West,2020-07-14,4,4816,0,145,4,4961,FALSE
North West,2020-07-15,5,4821,1,146,6,4967,FALSE
North West,2020-07-16,2,4823,3,149,5,4972,FALSE
North West,2020-07-17,4,4827,2,151,6,4978,FALSE
North West,2020-07-18,5,4832,0,151,5,4983,FALSE
North West,2020-07-19,3,4835,0,151,3,4986,FALSE
North West,2020-07-20,0,4835,2,153,2,4988,FALSE
North West,2020-07-21,2,4837,2,155,4,4992,FALSE
North West,2020-07-22,3,4840,0,155,3,4995,FALSE
North West,2020-07-23,3,4843,4,159,7,5002,FALSE
North West,2020-07-24,1,4844,0,159,1,5003,FALSE
North West,2020-07-25,1,4845,2,161,3,5006,FALSE
North West,2020-07-26,3,4848,1,162,4,5010,FALSE
North West,2020-07-27,1,4849,1,163,2,5012,FALSE
North West,2020-07-28,1,4850,2,165,3,5015,FALSE
North West,2020-07-29,2,4852,0,165,2,5017,FALSE
North West,2020-07-30,2,4854,0,165,2,5019,FALSE
North West,2020-07-31,0,4854,1,166,1,5020,FALSE
North West,2020-08-01,2,4856,1,167,3,5023,FALSE
North West,2020-08-02,1,4857,0,167,1,5024,FALSE
North West,2020-08-03,8,4865,0,167,8,5032,FALSE
North West,2020-08-04,3,4868,2,169,5,5037,FALSE
North West,2020-08-05,2,4870,0,169,2,5039,FALSE
North West,2020-08-06,2,4872,2,171,4,5043,FALSE
North West,2020-08-07,2,4874,0,171,2,5045,FALSE
North West,2020-08-08,2,4876,0,171,2,5047,FALSE
North West,2020-08-09,3,4879,1,172,4,5051,FALSE
North West,2020-08-10,2,4881,0,172,2,5053,FALSE
North West,2020-08-11,3,4884,0,172,3,5056,FALSE
North West,2020-08-12,0,4884,2,174,2,5058,FALSE
North West,2020-08-13,2,4886,0,174,2,5060,FALSE
North West,2020-08-14,2,4888,2,176,4,5064,FALSE
North West,2020-08-15,6,4894,1,177,7,5071,FALSE
North West,2020-08-16,2,4896,2,179,4,5075,FALSE
North West,2020-08-17,1,4897,2,181,3,5078,FALSE
North West,2020-08-18,2,4899,0,181,2,5080,FALSE
North West,2020-08-19,1,4900,0,181,1,5081,FALSE
North West,2020-08-20,1,4901,1,182,2,5083,FALSE
North West,2020-08-21,4,4905,0,182,4,5087,FALSE
North West,2020-08-22,3,4908,0,182,3,5090,FALSE
North West,2020-08-23,5,4913,1,183,6,5096,FALSE
North West,2020-08-24,4,4917,0,183,4,5100,FALSE
North West,2020-08-25,3,4920,3,186,6,5106,FALSE
North West,2020-08-26,4,4924,0,186,4,5110,FALSE
North West,2020-08-27,1,4925,0,186,1,5111,FALSE
North West,2020-08-28,2,4927,0,186,2,5113,FALSE
North West,2020-08-29,0,4927,0,186,0,5113,FALSE
North West,2020-08-30,2,4929,0,186,2,5115,FALSE
North West,2020-08-31,3,4932,1,187,4,5119,FALSE
North West,2020-09-01,0,4932,1,188,1,5120,FALSE
North West,2020-09-02,2,4934,0,188,2,5122,FALSE
North West,2020-09-03,1,4935,0,188,1,5123,FALSE
North West,2020-09-04,3,4938,0,188,3,5126,FALSE
North West,2020-09-05,6,4944,0,188,6,5132,FALSE
North West,2020-09-06,1,4945,2,190,3,5135,FALSE
North West,2020-09-07,8,4953,0,190,8,5143,FALSE
North West,2020-09-08,6,4959,0,190,6,5149,FALSE
North West,2020-09-09,5,4964,0,190,5,5154,FALSE
North West,2020-09-10,5,4969,0,190,5,5159,FALSE
North West,2020-09-11,1,4970,1,191,2,5161,FALSE
North West,2020-09-12,4,4974,1,192,5,5166,FALSE
North West,2020-09-13,2,4976,1,193,3,5169,FALSE
North West,2020-09-14,4,4980,1,194,5,5174,FALSE
North West,2020-09-15,4,4984,0,194,4,5178,FALSE
North West,2020-09-16,6,4990,1,195,7,5185,FALSE
North West,2020-09-17,7,4997,1,196,8,5193,FALSE
North West,2020-09-18,6,5003,0,196,6,5199,FALSE
North West,2020-09-19,3,5006,1,197,4,5203,FALSE
North West,2020-09-20,2,5008,1,198,3,5206,FALSE
North West,2020-09-21,2,5010,0,198,2,5208,FALSE
North West,2020-09-22,9,5019,1,199,10,5218,FALSE
North West,2020-09-23,14,5033,3,202,17,5235,FALSE
North West,2020-09-24,10,5043,1,203,11,5246,FALSE
North West,2020-09-25,8,5051,0,203,8,5254,FALSE
North West,2020-09-26,14,5065,3,206,17,5271,FALSE
North West,2020-09-27,11,5076,2,208,13,5284,FALSE
North West,2020-09-28,15,5091,2,210,17,5301,FALSE
North West,2020-09-29,12,5103,4,214,16,5317,FALSE
North West,2020-09-30,17,5120,3,217,20,5337,FALSE
North West,2020-10-01,17,5137,1,218,18,5355,FALSE
North West,2020-10-02,20,5157,2,220,22,5377,FALSE
North West,2020-10-03,15,5172,0,220,15,5392,FALSE
North West,2020-10-04,15,5187,3,223,18,5410,FALSE
North West,2020-10-05,15,5202,2,225,17,5427,FALSE
North West,2020-10-06,20,5222,2,227,22,5449,FALSE
North West,2020-10-07,20,5242,3,230,23,5472,FALSE
North West,2020-10-08,22,5264,1,231,23,5495,FALSE
North West,2020-10-09,24,5288,4,235,28,5523,FALSE
North West,2020-10-10,31,5319,0,235,31,5554,FALSE
North West,2020-10-11,31,5350,1,236,32,5586,FALSE
North West,2020-10-12,35,5385,0,236,35,5621,FALSE
North West,2020-10-13,26,5411,1,237,27,5648,FALSE
North West,2020-10-14,35,5446,0,237,35,5683,FALSE
North West,2020-10-15,36,5482,1,238,37,5720,FALSE
North West,2020-10-16,34,5516,3,241,37,5757,FALSE
North West,2020-10-17,52,5568,4,245,56,5813,FALSE
North West,2020-10-18,40,5608,1,246,41,5854,FALSE
North West,2020-10-19,43,5651,2,248,45,5899,FALSE
North West,2020-10-20,48,5699,3,251,51,5950,FALSE
North West,2020-10-21,51,5750,3,254,54,6004,FALSE
North West,2020-10-22,49,5799,0,254,49,6053,FALSE
North West,2020-10-23,50,5849,3,257,53,6106,FALSE
North West,2020-10-24,51,5900,10,267,61,6167,FALSE
North West,2020-10-25,63,5963,6,273,69,6236,FALSE
North West,2020-10-26,53,6016,4,277,57,6293,FALSE
North West,2020-10-27,49,6065,1,278,50,6343,FALSE
North West,2020-10-28,57,6122,2,280,59,6402,FALSE
North West,2020-10-29,74,6196,4,284,78,6480,FALSE
North West,2020-10-30,73,6269,4,288,77,6557,FALSE
North West,2020-10-31,63,6332,4,292,67,6624,FALSE
North West,2020-11-01,76,6408,1,293,77,6701,FALSE
North West,2020-11-02,65,6473,3,296,68,6769,FALSE
North West,2020-11-03,77,6550,4,300,81,6850,FALSE
North West,2020-11-04,64,6614,3,303,67,6917,FALSE
North West,2020-11-05,67,6681,4,307,71,6988,FALSE
North West,2020-11-06,76,6757,2,309,78,7066,FALSE
North West,2020-11-07,79,6836,1,310,80,7146,FALSE
North West,2020-11-08,83,6919,4,314,87,7233,FALSE
North West,2020-11-09,82,7001,5,319,87,7320,FALSE
North West,2020-11-10,68,7069,4,323,72,7392,FALSE
North West,2020-11-11,62,7131,3,326,65,7457,FALSE
North West,2020-11-12,64,7195,3,329,67,7524,FALSE
North West,2020-11-13,81,7276,6,335,87,7611,FALSE
North West,2020-11-14,62,7338,1,336,63,7674,FALSE
North West,2020-11-15,75,7413,1,337,76,7750,FALSE
North West,2020-11-16,74,7487,5,342,79,7829,FALSE
North West,2020-11-17,73,7560,2,344,75,7904,FALSE
North West,2020-11-18,71,7631,5,349,76,7980,FALSE
North West,2020-11-19,67,7698,4,353,71,8051,FALSE
North West,2020-11-20,52,7750,6,359,58,8109,FALSE
North West,2020-11-21,68,7818,4,363,72,8181,FALSE
North West,2020-11-22,52,7870,5,368,57,8238,FALSE
North West,2020-11-23,54,7924,3,371,57,8295,FALSE
North West,2020-11-24,64,7988,5,376,69,8364,FALSE
North West,2020-11-25,65,8053,2,378,67,8431,FALSE
North West,2020-11-26,53,8106,2,380,55,8486,FALSE
North West,2020-11-27,51,8157,3,383,54,8540,FALSE
North West,2020-11-28,46,8203,6,389,52,8592,FALSE
North West,2020-11-29,54,8257,3,392,57,8649,FALSE
North West,2020-11-30,48,8305,3,395,51,8700,FALSE
North West,2020-12-01,53,8358,7,402,60,8760,FALSE
North West,2020-12-02,48,8406,5,407,53,8813,FALSE
North West,2020-12-03,47,8453,3,410,50,8863,FALSE
North West,2020-12-04,48,8501,3,413,51,8914,FALSE
North West,2020-12-05,37,8538,3,416,40,8954,FALSE
North West,2020-12-06,43,8581,4,420,47,9001,FALSE
North West,2020-12-07,50,8631,4,424,54,9055,FALSE
North West,2020-12-08,49,8680,5,429,54,9109,FALSE
North West,2020-12-09,48,8728,5,434,53,9162,FALSE
North West,2020-12-10,49,8777,1,435,50,9212,FALSE
North West,2020-12-11,41,8818,5,440,46,9258,FALSE
North West,2020-12-12,48,8866,3,443,51,9309,FALSE
North West,2020-12-13,42,8908,2,445,44,9353,FALSE
North West,2020-12-14,51,8959,3,448,54,9407,FALSE
North West,2020-12-15,34,8993,3,451,37,9444,FALSE
North West,2020-12-16,41,9034,2,453,43,9487,FALSE
North West,2020-12-17,26,9060,3,456,29,9516,FALSE
North West,2020-12-18,47,9107,3,459,50,9566,FALSE
North West,2020-12-19,45,9152,2,461,47,9613,FALSE
North West,2020-12-20,37,9189,4,465,41,9654,FALSE
North West,2020-12-21,51,9240,4,469,55,9709,FALSE
North West,2020-12-22,52,9292,3,472,55,9764,FALSE
North West,2020-12-23,50,9342,2,474,52,9816,FALSE
North West,2020-12-24,58,9400,4,478,62,9878,FALSE
North West,2020-12-25,52,9452,0,478,52,9930,FALSE
North West,2020-12-26,56,9508,5,483,61,9991,FALSE
North West,2020-12-27,50,9558,2,485,52,10043,FALSE
North West,2020-12-28,48,9606,3,488,51,10094,FALSE
North West,2020-12-29,49,9655,3,491,52,10146,FALSE
North West,2020-12-30,49,9704,4,495,53,10199,FALSE
North West,2020-12-31,62,9766,4,499,66,10265,FALSE
North West,2021-01-01,54,9820,3,502,57,10322,FALSE
North West,2021-01-02,55,9875,7,509,62,10384,FALSE
North West,2021-01-03,57,9932,2,511,59,10443,FALSE
North West,2021-01-04,51,9983,3,514,54,10497,FALSE
North West,2021-01-05,56,10039,6,520,62,10559,FALSE
North West,2021-01-06,69,10108,4,524,73,10632,FALSE
North West,2021-01-07,61,10169,5,529,66,10698,FALSE
North West,2021-01-08,65,10234,1,530,66,10764,FALSE
North West,2021-01-09,70,10304,4,534,74,10838,FALSE
North West,2021-01-10,66,10370,5,539,71,10909,FALSE
North West,2021-01-11,79,10449,3,542,82,10991,FALSE
North West,2021-01-12,66,10515,4,546,70,11061,FALSE
North West,2021-01-13,85,10600,6,552,91,11152,FALSE
North West,2021-01-14,93,10693,7,559,100,11252,FALSE
North West,2021-01-15,87,10780,2,561,89,11341,FALSE
North West,2021-01-16,83,10863,4,565,87,11428,FALSE
North West,2021-01-17,81,10944,6,571,87,11515,FALSE
North West,2021-01-18,92,11036,4,575,96,11611,FALSE
North West,2021-01-19,92,11128,8,583,100,11711,FALSE
North West,2021-01-20,89,11217,5,588,94,11805,FALSE
North West,2021-01-21,85,11302,5,593,90,11895,FALSE
North West,2021-01-22,110,11412,4,597,114,12009,FALSE
North West,2021-01-23,103,11515,1,598,104,12113,FALSE
North West,2021-01-24,96,11611,5,603,101,12214,FALSE
North West,2021-01-25,86,11697,4,607,90,12304,FALSE
North West,2021-01-26,103,11800,3,610,106,12410,FALSE
North West,2021-01-27,104,11904,8,618,112,12522,FALSE
North West,2021-01-28,103,12007,1,619,104,12626,FALSE
North West,2021-01-29,101,12108,4,623,105,12731,FALSE
North West,2021-01-30,79,12187,2,625,81,12812,FALSE
North West,2021-01-31,87,12274,7,632,94,12906,FALSE
North West,2021-02-01,96,12370,6,638,102,13008,FALSE
North West,2021-02-02,83,12453,3,641,86,13094,FALSE
North West,2021-02-03,71,12524,5,646,76,13170,FALSE
North West,2021-02-04,79,12603,6,652,85,13255,FALSE
North West,2021-02-05,67,12670,3,655,70,13325,FALSE
North West,2021-02-06,62,12732,3,658,65,13390,FALSE
North West,2021-02-07,53,12785,2,660,55,13445,FALSE
North West,2021-02-08,74,12859,4,664,78,13523,FALSE
North West,2021-02-09,69,12928,5,669,74,13597,FALSE
North West,2021-02-10,72,13000,4,673,76,13673,FALSE
North West,2021-02-11,68,13068,5,678,73,13746,FALSE
North West,2021-02-12,67,13135,3,681,70,13816,FALSE
North West,2021-02-13,62,13197,6,687,68,13884,FALSE
North West,2021-02-14,51,13248,7,694,58,13942,FALSE
North West,2021-02-15,58,13306,7,701,65,14007,FALSE
North West,2021-02-16,55,13361,5,706,60,14067,FALSE
North West,2021-02-17,55,13416,1,707,56,14123,FALSE
North West,2021-02-18,52,13468,5,712,57,14180,FALSE
North West,2021-02-19,40,13508,3,715,43,14223,FALSE
North West,2021-02-20,34,13542,2,717,36,14259,FALSE
North West,2021-02-21,36,13578,7,724,43,14302,FALSE
North West,2021-02-22,26,13604,5,729,31,14333,FALSE
North West,2021-02-23,36,13640,3,732,39,14372,FALSE
North West,2021-02-24,35,13675,6,738,41,14413,FALSE
North West,2021-02-25,22,13697,4,742,26,14439,FALSE
North West,2021-02-26,38,13735,3,745,41,14480,FALSE
North West,2021-02-27,26,13761,3,748,29,14509,FALSE
North West,2021-02-28,32,13793,3,751,35,14544,FALSE
North West,2021-03-01,32,13825,3,754,35,14579,FALSE
North West,2021-03-02,13,13838,7,761,20,14599,FALSE
North West,2021-03-03,23,13861,4,765,27,14626,FALSE
North West,2021-03-04,12,13873,5,770,17,14643,FALSE
North West,2021-03-05,25,13898,2,772,27,14670,FALSE
North West,2021-03-06,15,13913,2,774,17,14687,FALSE
North West,2021-03-07,23,13936,3,777,26,14713,FALSE
North West,2021-03-08,16,13952,4,781,20,14733,FALSE
North West,2021-03-09,14,13966,3,784,17,14750,FALSE
North West,2021-03-10,13,13979,5,789,18,14768,FALSE
North West,2021-03-11,17,13996,1,790,18,14786,FALSE
North West,2021-03-12,10,14006,2,792,12,14798,FALSE
North West,2021-03-13,11,14017,0,792,11,14809,FALSE
North West,2021-03-14,20,14037,1,793,21,14830,FALSE
North West,2021-03-15,16,14053,3,796,19,14849,FALSE
North West,2021-03-16,12,14065,4,800,16,14865,FALSE
North West,2021-03-17,12,14077,3,803,15,14880,FALSE
North West,2021-03-18,4,14081,1,804,5,14885,FALSE
North West,2021-03-19,13,14094,1,805,14,14899,FALSE
North West,2021-03-20,13,14107,2,807,15,14914,FALSE
North West,2021-03-21,10,14117,3,810,13,14927,FALSE
North West,2021-03-22,7,14124,5,815,12,14939,FALSE
North West,2021-03-23,12,14136,2,817,14,14953,FALSE
North West,2021-03-24,4,14140,0,817,4,14957,FALSE
North West,2021-03-25,11,14151,0,817,11,14968,FALSE
North West,2021-03-26,6,14157,0,817,6,14974,FALSE
North West,2021-03-27,1,14158,0,817,1,14975,FALSE
North West,2021-03-28,5,14163,3,820,8,14983,FALSE
North West,2021-03-29,8,14171,1,821,9,14992,FALSE
North West,2021-03-30,5,14176,2,823,7,14999,FALSE
North West,2021-03-31,5,14181,2,825,7,15006,FALSE
North West,2021-04-01,5,14186,3,828,8,15014,FALSE
North West,2021-04-02,2,14188,2,830,4,15018,FALSE
North West,2021-04-03,4,14192,0,830,4,15022,FALSE
North West,2021-04-04,4,14196,2,832,6,15028,FALSE
North West,2021-04-05,2,14198,1,833,3,15031,FALSE
North West,2021-04-06,1,14199,0,833,1,15032,FALSE
North West,2021-04-07,4,14203,2,835,6,15038,FALSE
North West,2021-04-08,6,14209,0,835,6,15044,FALSE
North West,2021-04-09,7,14216,0,835,7,15051,FALSE
North West,2021-04-10,5,14221,0,835,5,15056,FALSE
North West,2021-04-11,1,14222,3,838,4,15060,FALSE
North West,2021-04-12,7,14229,0,838,7,15067,FALSE
North West,2021-04-13,4,14233,2,840,6,15073,FALSE
North West,2021-04-14,2,14235,2,842,4,15077,FALSE
North West,2021-04-15,0,14235,1,843,1,15078,FALSE
North West,2021-04-16,2,14237,2,845,4,15082,FALSE
North West,2021-04-17,1,14238,1,846,2,15084,FALSE
North West,2021-04-18,1,14239,0,846,1,15085,FALSE
North West,2021-04-19,1,14240,0,846,1,15086,FALSE
North West,2021-04-20,4,14244,1,847,5,15091,FALSE
North West,2021-04-21,3,14247,2,849,5,15096,FALSE
North West,2021-04-22,4,14251,0,849,4,15100,FALSE
North West,2021-04-23,1,14252,0,849,1,15101,FALSE
North West,2021-04-24,3,14255,0,849,3,15104,FALSE
North West,2021-04-25,1,14256,0,849,1,15105,FALSE
North West,2021-04-26,5,14261,0,849,5,15110,FALSE
North West,2021-04-27,0,14261,3,852,3,15113,FALSE
North West,2021-04-28,2,14263,1,853,3,15116,FALSE
North West,2021-04-29,4,14267,0,853,4,15120,FALSE
North West,2021-04-30,0,14267,0,853,0,15120,FALSE
North West,2021-05-01,1,14268,0,853,1,15121,FALSE
North West,2021-05-02,1,14269,0,853,1,15122,FALSE
North West,2021-05-03,0,14269,0,853,0,15122,FALSE
North West,2021-05-04,1,14270,0,853,1,15123,FALSE
North West,2021-05-05,1,14271,2,855,3,15126,FALSE
North West,2021-05-06,1,14272,0,855,1,15127,FALSE
North West,2021-05-07,0,14272,0,855,0,15127,FALSE
North West,2021-05-08,0,14272,0,855,0,15127,FALSE
North West,2021-05-09,1,14273,0,855,1,15128,FALSE
North West,2021-05-10,1,14274,0,855,1,15129,FALSE
North West,2021-05-11,5,14279,1,856,6,15135,FALSE
North West,2021-05-12,0,14279,0,856,0,15135,FALSE
North West,2021-05-13,0,14279,2,858,2,15137,FALSE
North West,2021-05-14,0,14279,0,858,0,15137,FALSE
North West,2021-05-15,1,14280,0,858,1,15138,FALSE
North West,2021-05-16,1,14281,0,858,1,15139,FALSE
North West,2021-05-17,1,14282,0,858,1,15140,FALSE
North West,2021-05-18,0,14282,1,859,1,15141,FALSE
North West,2021-05-19,1,14283,0,859,1,15142,FALSE
North West,2021-05-20,1,14284,0,859,1,15143,FALSE
North West,2021-05-21,3,14287,0,859,3,15146,FALSE
North West,2021-05-22,1,14288,0,859,1,15147,FALSE
North West,2021-05-23,3,14291,0,859,3,15150,FALSE
North West,2021-05-24,3,14294,0,859,3,15153,FALSE
North West,2021-05-25,0,14294,0,859,0,15153,FALSE
North West,2021-05-26,2,14296,0,859,2,15155,FALSE
North West,2021-05-27,3,14299,1,860,4,15159,FALSE
North West,2021-05-28,2,14301,1,861,3,15162,FALSE
North West,2021-05-29,1,14302,2,863,3,15165,FALSE
North West,2021-05-30,1,14303,0,863,1,15166,FALSE
North West,2021-05-31,3,14306,0,863,3,15169,FALSE
North West,2021-06-01,1,14307,0,863,1,15170,FALSE
North West,2021-06-02,2,14309,0,863,2,15172,FALSE
North West,2021-06-03,6,14315,0,863,6,15178,FALSE
North West,2021-06-04,0,14315,0,863,0,15178,FALSE
North West,2021-06-05,3,14318,0,863,3,15181,FALSE
North West,2021-06-06,1,14319,0,863,1,15182,FALSE
North West,2021-06-07,1,14320,0,863,1,15183,FALSE
North West,2021-06-08,2,14322,1,864,3,15186,FALSE
North West,2021-06-09,3,14325,0,864,3,15189,FALSE
North West,2021-06-10,1,14326,0,864,1,15190,FALSE
North West,2021-06-11,3,14329,1,865,4,15194,FALSE
North West,2021-06-12,1,14330,0,865,1,15195,FALSE
North West,2021-06-13,0,14330,0,865,0,15195,FALSE
North West,2021-06-14,6,14336,0,865,6,15201,FALSE
North West,2021-06-15,6,14342,0,865,6,15207,FALSE
North West,2021-06-16,4,14346,0,865,4,15211,FALSE
North West,2021-06-17,1,14347,0,865,1,15212,FALSE
North West,2021-06-18,5,14352,1,866,6,15218,FALSE
North West,2021-06-19,7,14359,0,866,7,15225,FALSE
North West,2021-06-20,8,14367,0,866,8,15233,FALSE
North West,2021-06-21,8,14375,2,868,10,15243,FALSE
North West,2021-06-22,3,14378,1,869,4,15247,FALSE
North West,2021-06-23,4,14382,0,869,4,15251,FALSE
North West,2021-06-24,9,14391,1,870,10,15261,FALSE
North West,2021-06-25,6,14397,0,870,6,15267,FALSE
North West,2021-06-26,1,14398,0,870,1,15268,FALSE
North West,2021-06-27,4,14402,0,870,4,15272,FALSE
North West,2021-06-28,5,14407,1,871,6,15278,FALSE
North West,2021-06-29,4,14411,0,871,4,15282,FALSE
North West,2021-06-30,10,14421,0,871,10,15292,FALSE
North West,2021-07-01,2,14423,0,871,2,15294,FALSE
North West,2021-07-02,14,14437,0,871,14,15308,FALSE
North West,2021-07-03,5,14442,0,871,5,15313,FALSE
North West,2021-07-04,5,14447,1,872,6,15319,FALSE
North West,2021-07-05,7,14454,1,873,8,15327,FALSE
North West,2021-07-06,7,14461,0,873,7,15334,FALSE
North West,2021-07-07,6,14467,1,874,7,15341,FALSE
North West,2021-07-08,10,14477,1,875,11,15352,FALSE
North West,2021-07-09,11,14488,1,876,12,15364,FALSE
North West,2021-07-10,5,14493,1,877,6,15370,FALSE
North West,2021-07-11,11,14504,0,877,11,15381,FALSE
North West,2021-07-12,6,14510,1,878,7,15388,FALSE
North West,2021-07-13,13,14523,2,880,15,15403,FALSE
North West,2021-07-14,8,14531,0,880,8,15411,FALSE
North West,2021-07-15,10,14541,0,880,10,15421,FALSE
North West,2021-07-16,15,14556,0,880,15,15436,FALSE
North West,2021-07-17,10,14566,0,880,10,15446,FALSE
North West,2021-07-18,11,14577,1,881,12,15458,FALSE
North West,2021-07-19,13,14590,1,882,14,15472,FALSE
North West,2021-07-20,12,14602,1,883,13,15485,FALSE
North West,2021-07-21,9,14611,0,883,9,15494,FALSE
North West,2021-07-22,21,14632,2,885,23,15517,FALSE
North West,2021-07-23,9,14641,0,885,9,15526,FALSE
North West,2021-07-24,6,14647,0,885,6,15532,FALSE
North West,2021-07-25,9,14656,0,885,9,15541,FALSE
North West,2021-07-26,16,14672,2,887,18,15559,FALSE
North West,2021-07-27,12,14684,0,887,12,15571,FALSE
North West,2021-07-28,12,14696,0,887,12,15583,FALSE
North West,2021-07-29,12,14708,1,888,13,15596,FALSE
North West,2021-07-30,17,14725,1,889,18,15614,FALSE
North West,2021-07-31,12,14737,0,889,12,15626,FALSE
North West,2021-08-01,13,14750,1,890,14,15640,FALSE
North West,2021-08-02,11,14761,1,891,12,15652,FALSE
North West,2021-08-03,8,14769,0,891,8,15660,FALSE
North West,2021-08-04,10,14779,3,894,13,15673,FALSE
North West,2021-08-05,13,14792,1,895,14,15687,FALSE
North West,2021-08-06,7,14799,1,896,8,15695,FALSE
North West,2021-08-07,15,14814,1,897,16,15711,FALSE
North West,2021-08-08,12,14826,0,897,12,15723,FALSE
North West,2021-08-09,10,14836,1,898,11,15734,FALSE
North West,2021-08-10,13,14849,0,898,13,15747,FALSE
North West,2021-08-11,16,14865,2,900,18,15765,FALSE
North West,2021-08-12,10,14875,2,902,12,15777,FALSE
North West,2021-08-13,9,14884,0,902,9,15786,FALSE
North West,2021-08-14,13,14897,2,904,15,15801,FALSE
North West,2021-08-15,8,14905,1,905,9,15810,FALSE
North West,2021-08-16,9,14914,0,905,9,15819,FALSE
North West,2021-08-17,10,14924,0,905,10,15829,FALSE
North West,2021-08-18,6,14930,0,905,6,15835,FALSE
North West,2021-08-19,14,14944,1,906,15,15850,FALSE
North West,2021-08-20,18,14962,1,907,19,15869,FALSE
North West,2021-08-21,16,14978,0,907,16,15885,FALSE
North West,2021-08-22,9,14987,1,908,10,15895,FALSE
North West,2021-08-23,12,14999,0,908,12,15907,FALSE
North West,2021-08-24,21,15020,4,912,25,15932,FALSE
North West,2021-08-25,9,15029,0,912,9,15941,FALSE
North West,2021-08-26,11,15040,4,916,15,15956,FALSE
North West,2021-08-27,11,15051,0,916,11,15967,FALSE
North West,2021-08-28,12,15063,1,917,13,15980,FALSE
North West,2021-08-29,9,15072,0,917,9,15989,FALSE
North West,2021-08-30,9,15081,1,918,10,15999,FALSE
North West,2021-08-31,16,15097,1,919,17,16016,FALSE
North West,2021-09-01,9,15106,0,919,9,16025,FALSE
North West,2021-09-02,12,15118,1,920,13,16038,FALSE
North West,2021-09-03,17,15135,0,920,17,16055,FALSE
North West,2021-09-04,11,15146,1,921,12,16067,FALSE
North West,2021-09-05,17,15163,0,921,17,16084,FALSE
North West,2021-09-06,14,15177,0,921,14,16098,FALSE
North West,2021-09-07,16,15193,1,922,17,16115,FALSE
North West,2021-09-08,18,15211,1,923,19,16134,FALSE
North West,2021-09-09,15,15226,2,925,17,16151,FALSE
North West,2021-09-10,19,15245,3,928,22,16173,FALSE
North West,2021-09-11,13,15258,1,929,14,16187,FALSE
North West,2021-09-12,10,15268,2,931,12,16199,FALSE
North West,2021-09-13,8,15276,1,932,9,16208,FALSE
North West,2021-09-14,15,15291,0,932,15,16223,FALSE
North West,2021-09-15,20,15311,0,932,20,16243,FALSE
North West,2021-09-16,17,15328,5,937,22,16265,FALSE
North West,2021-09-17,15,15343,3,940,18,16283,FALSE
North West,2021-09-18,18,15361,0,940,18,16301,FALSE
North West,2021-09-19,13,15374,0,940,13,16314,FALSE
North West,2021-09-20,11,15385,1,941,12,16326,FALSE
North West,2021-09-21,11,15396,1,942,12,16338,FALSE
North West,2021-09-22,12,15408,1,943,13,16351,FALSE
North West,2021-09-23,17,15425,1,944,18,16369,FALSE
North West,2021-09-24,9,15434,1,945,10,16379,FALSE
North West,2021-09-25,14,15448,4,949,18,16397,FALSE
North West,2021-09-26,7,15455,0,949,7,16404,FALSE
North West,2021-09-27,5,15460,1,950,6,16410,FALSE
North West,2021-09-28,11,15471,0,950,11,16421,FALSE
North West,2021-09-29,7,15478,1,951,8,16429,FALSE
North West,2021-09-30,12,15490,1,952,13,16442,FALSE
North West,2021-10-01,12,15502,0,952,12,16454,FALSE
North West,2021-10-02,12,15514,2,954,14,16468,FALSE
North West,2021-10-03,17,15531,1,955,18,16486,FALSE
North West,2021-10-04,11,15542,2,957,13,16499,FALSE
North West,2021-10-05,11,15553,1,958,12,16511,FALSE
North West,2021-10-06,12,15565,0,958,12,16523,FALSE
North West,2021-10-07,9,15574,2,960,11,16534,FALSE
North West,2021-10-08,5,15579,1,961,6,16540,FALSE
North West,2021-10-09,11,15590,1,962,12,16552,FALSE
North West,2021-10-10,11,15601,2,964,13,16565,FALSE
North West,2021-10-11,14,15615,2,966,16,16581,FALSE
North West,2021-10-12,10,15625,0,966,10,16591,FALSE
North West,2021-10-13,12,15637,0,966,12,16603,FALSE
North West,2021-10-14,13,15650,2,968,15,16618,FALSE
North West,2021-10-15,14,15664,2,970,16,16634,FALSE
North West,2021-10-16,17,15681,1,971,18,16652,FALSE
North West,2021-10-17,15,15696,0,971,15,16667,FALSE
North West,2021-10-18,15,15711,2,973,17,16684,FALSE
North West,2021-10-19,8,15719,2,975,10,16694,FALSE
North West,2021-10-20,18,15737,4,979,22,16716,FALSE
North West,2021-10-21,22,15759,3,982,25,16741,FALSE
North West,2021-10-22,12,15771,2,984,14,16755,FALSE
North West,2021-10-23,15,15786,0,984,15,16770,FALSE
North West,2021-10-24,19,15805,1,985,20,16790,FALSE
North West,2021-10-25,15,15820,4,989,19,16809,FALSE
North West,2021-10-26,13,15833,0,989,13,16822,FALSE
North West,2021-10-27,14,15847,0,989,14,16836,FALSE
North West,2021-10-28,24,15871,1,990,25,16861,FALSE
North West,2021-10-29,16,15887,1,991,17,16878,FALSE
North West,2021-10-30,23,15910,0,991,23,16901,FALSE
North West,2021-10-31,19,15929,0,991,19,16920,FALSE
North West,2021-11-01,16,15945,1,992,17,16937,FALSE
North West,2021-11-02,10,15955,0,992,10,16947,FALSE
North West,2021-11-03,28,15983,1,993,29,16976,FALSE
North West,2021-11-04,25,16008,1,994,26,17002,FALSE
North West,2021-11-05,6,16014,0,994,6,17008,FALSE
North West,2021-11-06,33,16047,1,995,34,17042,FALSE
North West,2021-11-07,16,16063,0,995,16,17058,FALSE
North West,2021-11-08,21,16084,0,995,21,17079,FALSE
North West,2021-11-09,14,16098,3,998,17,17096,FALSE
North West,2021-11-10,20,16118,2,1000,22,17118,FALSE
North West,2021-11-11,15,16133,2,1002,17,17135,FALSE
North West,2021-11-12,9,16142,2,1004,11,17146,FALSE
North West,2021-11-13,18,16160,1,1005,19,17165,FALSE
North West,2021-11-14,13,16173,1,1006,14,17179,FALSE
North West,2021-11-15,23,16196,3,1009,26,17205,FALSE
North West,2021-11-16,27,16223,2,1011,29,17234,FALSE
North West,2021-11-17,19,16242,1,1012,20,17254,FALSE
North West,2021-11-18,13,16255,1,1013,14,17268,FALSE
North West,2021-11-19,14,16269,0,1013,14,17282,FALSE
North West,2021-11-20,15,16284,0,1013,15,17297,FALSE
North West,2021-11-21,6,16290,1,1014,7,17304,FALSE
North West,2021-11-22,10,16300,1,1015,11,17315,FALSE
North West,2021-11-23,12,16312,2,1017,14,17329,FALSE
North West,2021-11-24,5,16317,2,1019,7,17336,FALSE
North West,2021-11-25,18,16335,0,1019,18,17354,FALSE
North West,2021-11-26,12,16347,1,1020,13,17367,FALSE
North West,2021-11-27,11,16358,2,1022,13,17380,FALSE
North West,2021-11-28,16,16374,2,1024,18,17398,FALSE
North West,2021-11-29,16,16390,0,1024,16,17414,FALSE
North West,2021-11-30,10,16400,2,1026,12,17426,FALSE
North West,2021-12-01,11,16411,1,1027,12,17438,FALSE
North West,2021-12-02,10,16421,1,1028,11,17449,FALSE
North West,2021-12-03,11,16432,0,1028,11,17460,FALSE
North West,2021-12-04,16,16448,1,1029,17,17477,FALSE
North West,2021-12-05,11,16459,4,1033,15,17492,FALSE
North West,2021-12-06,8,16467,1,1034,9,17501,FALSE
North West,2021-12-07,14,16481,1,1035,15,17516,FALSE
North West,2021-12-08,19,16500,2,1037,21,17537,FALSE
North West,2021-12-09,10,16510,3,1040,13,17550,FALSE
North West,2021-12-10,9,16519,1,1041,10,17560,FALSE
North West,2021-12-11,12,16531,0,1041,12,17572,FALSE
North West,2021-12-12,16,16547,1,1042,17,17589,FALSE
North West,2021-12-13,10,16557,2,1044,12,17601,FALSE
North West,2021-12-14,12,16569,1,1045,13,17614,FALSE
North West,2021-12-15,17,16586,2,1047,19,17633,FALSE
North West,2021-12-16,13,16599,1,1048,14,17647,FALSE
North West,2021-12-17,12,16611,1,1049,13,17660,FALSE
North West,2021-12-18,11,16622,0,1049,11,17671,FALSE
North West,2021-12-19,16,16638,1,1050,17,17688,FALSE
North West,2021-12-20,17,16655,0,1050,17,17705,FALSE
North West,2021-12-21,12,16667,0,1050,12,17717,FALSE
North West,2021-12-22,14,16681,1,1051,15,17732,FALSE
North West,2021-12-23,17,16698,1,1052,18,17750,FALSE
North West,2021-12-24,14,16712,0,1052,14,17764,FALSE
North West,2021-12-25,11,16723,1,1053,12,17776,FALSE
North West,2021-12-26,12,16735,2,1055,14,17790,FALSE
North West,2021-12-27,14,16749,3,1058,17,17807,FALSE
North West,2021-12-28,16,16765,2,1060,18,17825,FALSE
North West,2021-12-29,11,16776,0,1060,11,17836,FALSE
North West,2021-12-30,24,16800,1,1061,25,17861,FALSE
North West,2021-12-31,25,16825,1,1062,26,17887,FALSE
North West,2022-01-01,24,16849,3,1065,27,17914,FALSE
North West,2022-01-02,16,16865,1,1066,17,17931,FALSE
North West,2022-01-03,21,16886,2,1068,23,17954,FALSE
North West,2022-01-04,29,16915,1,1069,30,17984,FALSE
North West,2022-01-05,30,16945,0,1069,30,18014,FALSE
North West,2022-01-06,28,16973,1,1070,29,18043,FALSE
North West,2022-01-07,35,17008,2,1072,37,18080,FALSE
North West,2022-01-08,32,17040,3,1075,35,18115,FALSE
North West,2022-01-09,35,17075,1,1076,36,18151,FALSE
North West,2022-01-10,32,17107,1,1077,33,18184,FALSE
North West,2022-01-11,30,17137,5,1082,35,18219,FALSE
North West,2022-01-12,24,17161,0,1082,24,18243,FALSE
North West,2022-01-13,31,17192,2,1084,33,18276,FALSE
North West,2022-01-14,30,17222,4,1088,34,18310,FALSE
North West,2022-01-15,30,17252,4,1092,34,18344,FALSE
North West,2022-01-16,33,17285,2,1094,35,18379,FALSE
North West,2022-01-17,31,17316,0,1094,31,18410,FALSE
North West,2022-01-18,32,17348,1,1095,33,18443,FALSE
North West,2022-01-19,28,17376,1,1096,29,18472,FALSE
North West,2022-01-20,26,17402,0,1096,26,18498,FALSE
North West,2022-01-21,30,17432,1,1097,31,18529,FALSE
North West,2022-01-22,33,17465,0,1097,33,18562,FALSE
North West,2022-01-23,27,17492,1,1098,28,18590,FALSE
North West,2022-01-24,33,17525,1,1099,34,18624,FALSE
North West,2022-01-25,23,17548,0,1099,23,18647,FALSE
North West,2022-01-26,20,17568,1,1100,21,18668,FALSE
North West,2022-01-27,23,17591,2,1102,25,18693,FALSE
North West,2022-01-28,22,17613,1,1103,23,18716,FALSE
North West,2022-01-29,31,17644,1,1104,32,18748,FALSE
North West,2022-01-30,20,17664,3,1107,23,18771,FALSE
North West,2022-01-31,25,17689,0,1107,25,18796,FALSE
North West,2022-02-01,29,17718,2,1109,31,18827,FALSE
North West,2022-02-02,20,17738,0,1109,20,18847,FALSE
North West,2022-02-03,28,17766,3,1112,31,18878,FALSE
North West,2022-02-04,14,17780,2,1114,16,18894,FALSE
North West,2022-02-05,17,17797,1,1115,18,18912,FALSE
North West,2022-02-06,24,17821,1,1116,25,18937,FALSE
North West,2022-02-07,15,17836,2,1118,17,18954,FALSE
North West,2022-02-08,18,17854,0,1118,18,18972,FALSE
North West,2022-02-09,16,17870,1,1119,17,18989,FALSE
North West,2022-02-10,12,17882,1,1120,13,19002,FALSE
North West,2022-02-11,16,17898,0,1120,16,19018,FALSE
North West,2022-02-12,14,17912,0,1120,14,19032,FALSE
North West,2022-02-13,19,17931,2,1122,21,19053,FALSE
North West,2022-02-14,13,17944,0,1122,13,19066,FALSE
North West,2022-02-15,13,17957,3,1125,16,19082,FALSE
North West,2022-02-16,15,17972,2,1127,17,19099,FALSE
North West,2022-02-17,16,17988,2,1129,18,19117,FALSE
North West,2022-02-18,13,18001,2,1131,15,19132,FALSE
North West,2022-02-19,13,18014,1,1132,14,19146,FALSE
North West,2022-02-20,13,18027,0,1132,13,19159,FALSE
North West,2022-02-21,11,18038,1,1133,12,19171,FALSE
North West,2022-02-22,13,18051,1,1134,14,19185,FALSE
North West,2022-02-23,11,18062,1,1135,12,19197,FALSE
North West,2022-02-24,19,18081,2,1137,21,19218,FALSE
North West,2022-02-25,7,18088,0,1137,7,19225,FALSE
North West,2022-02-26,15,18103,1,1138,16,19241,FALSE
North West,2022-02-27,12,18115,0,1138,12,19253,FALSE
North West,2022-02-28,17,18132,1,1139,18,19271,FALSE
North West,2022-03-01,12,18144,0,1139,12,19283,FALSE
North West,2022-03-02,15,18159,2,1141,17,19300,FALSE
North West,2022-03-03,19,18178,1,1142,20,19320,FALSE
North West,2022-03-04,12,18190,1,1143,13,19333,FALSE
North West,2022-03-05,8,18198,0,1143,8,19341,FALSE
North West,2022-03-06,10,18208,1,1144,11,19352,FALSE
North West,2022-03-07,17,18225,1,1145,18,19370,FALSE
North West,2022-03-08,7,18232,1,1146,8,19378,FALSE
North West,2022-03-09,16,18248,1,1147,17,19395,FALSE
North West,2022-03-10,10,18258,0,1147,10,19405,FALSE
North West,2022-03-11,9,18267,2,1149,11,19416,FALSE
North West,2022-03-12,7,18274,2,1151,9,19425,FALSE
North West,2022-03-13,11,18285,1,1152,12,19437,FALSE
North West,2022-03-14,13,18298,2,1154,15,19452,FALSE
North West,2022-03-15,15,18313,1,1155,16,19468,FALSE
North West,2022-03-16,18,18331,0,1155,18,19486,FALSE
North West,2022-03-17,15,18346,1,1156,16,19502,FALSE
North West,2022-03-18,10,18356,2,1158,12,19514,FALSE
North West,2022-03-19,18,18374,2,1160,20,19534,FALSE
North West,2022-03-20,17,18391,2,1162,19,19553,FALSE
North West,2022-03-21,15,18406,1,1163,16,19569,FALSE
North West,2022-03-22,26,18432,1,1164,27,19596,FALSE
North West,2022-03-23,11,18443,1,1165,12,19608,FALSE
North West,2022-03-24,11,18454,0,1165,11,19619,FALSE
North West,2022-03-25,14,18468,0,1165,14,19633,FALSE
North West,2022-03-26,13,18481,2,1167,15,19648,FALSE
North West,2022-03-27,21,18502,0,1167,21,19669,FALSE
North West,2022-03-28,22,18524,1,1168,23,19692,FALSE
North West,2022-03-29,16,18540,0,1168,16,19708,FALSE
North West,2022-03-30,16,18556,0,1168,16,19724,FALSE
North West,2022-03-31,21,18577,0,1168,21,19745,FALSE
North West,2022-04-01,19,18596,0,1168,19,19764,FALSE
North West,2022-04-02,19,18615,1,1169,20,19784,FALSE
North West,2022-04-03,19,18634,0,1169,19,19803,FALSE
North West,2022-04-04,22,18656,0,1169,22,19825,FALSE
North West,2022-04-05,17,18673,3,1172,20,19845,FALSE
North West,2022-04-06,14,18687,3,1175,17,19862,FALSE
North West,2022-04-07,24,18711,2,1177,26,19888,FALSE
North West,2022-04-08,26,18737,1,1178,27,19915,FALSE
North West,2022-04-09,17,18754,1,1179,18,19933,FALSE
North West,2022-04-10,18,18772,0,1179,18,19951,FALSE
North West,2022-04-11,15,18787,4,1183,19,19970,FALSE
North West,2022-04-12,19,18806,1,1184,20,19990,FALSE
North West,2022-04-13,21,18827,3,1187,24,20014,FALSE
North West,2022-04-14,21,18848,2,1189,23,20037,FALSE
North West,2022-04-15,20,18868,1,1190,21,20058,FALSE
North West,2022-04-16,23,18891,2,1192,25,20083,FALSE
North West,2022-04-17,20,18911,0,1192,20,20103,FALSE
North West,2022-04-18,17,18928,2,1194,19,20122,FALSE
North West,2022-04-19,25,18953,2,1196,27,20149,FALSE
North West,2022-04-20,24,18977,1,1197,25,20174,FALSE
North West,2022-04-21,19,18996,3,1200,22,20196,FALSE
North West,2022-04-22,18,19014,2,1202,20,20216,FALSE
North West,2022-04-23,21,19035,2,1204,23,20239,FALSE
North West,2022-04-24,16,19051,1,1205,17,20256,FALSE
North West,2022-04-25,13,19064,1,1206,14,20270,FALSE
North West,2022-04-26,13,19077,1,1207,14,20284,FALSE
North West,2022-04-27,18,19095,0,1207,18,20302,FALSE
North West,2022-04-28,22,19117,1,1208,23,20325,FALSE
North West,2022-04-29,18,19135,1,1209,19,20344,FALSE
North West,2022-04-30,19,19154,2,1211,21,20365,FALSE
North West,2022-05-01,18,19172,2,1213,20,20385,FALSE
North West,2022-05-02,20,19192,2,1215,22,20407,FALSE
North West,2022-05-03,10,19202,4,1219,14,20421,FALSE
North West,2022-05-04,9,19211,4,1223,13,20434,FALSE
North West,2022-05-05,10,19221,1,1224,11,20445,FALSE
North West,2022-05-06,22,19243,3,1227,25,20470,FALSE
North West,2022-05-07,13,19256,2,1229,15,20485,FALSE
North West,2022-05-08,10,19266,2,1231,12,20497,FALSE
North West,2022-05-09,12,19278,2,1233,14,20511,FALSE
North West,2022-05-10,11,19289,4,1237,15,20526,FALSE
North West,2022-05-11,7,19296,3,1240,10,20536,FALSE
North West,2022-05-12,8,19304,3,1243,11,20547,FALSE
North West,2022-05-13,9,19313,3,1246,12,20559,FALSE
North West,2022-05-14,8,19321,1,1247,9,20568,FALSE
North West,2022-05-15,10,19331,0,1247,10,20578,FALSE
North West,2022-05-16,5,19336,1,1248,6,20584,FALSE
North West,2022-05-17,10,19346,2,1250,12,20596,FALSE
North West,2022-05-18,7,19353,2,1252,9,20605,FALSE
North West,2022-05-19,8,19361,3,1255,11,20616,FALSE
North West,2022-05-20,11,19372,3,1258,14,20630,FALSE
North West,2022-05-21,4,19376,1,1259,5,20635,FALSE
North West,2022-05-22,5,19381,2,1261,7,20642,FALSE
North West,2022-05-23,7,19388,4,1265,11,20653,FALSE
North West,2022-05-24,4,19392,0,1265,4,20657,FALSE
North West,2022-05-25,3,19395,1,1266,4,20661,FALSE
North West,2022-05-26,10,19405,1,1267,11,20672,FALSE
North West,2022-05-27,7,19412,2,1269,9,20681,FALSE
North West,2022-05-28,4,19416,0,1269,4,20685,FALSE
North West,2022-05-29,6,19422,0,1269,6,20691,FALSE
North West,2022-05-30,4,19426,3,1272,7,20698,FALSE
North West,2022-05-31,7,19433,2,1274,9,20707,FALSE
North West,2022-06-01,5,19438,0,1274,5,20712,FALSE
North West,2022-06-02,4,19442,1,1275,5,20717,FALSE
North West,2022-06-03,2,19444,1,1276,3,20720,FALSE
North West,2022-06-04,4,19448,1,1277,5,20725,FALSE
North West,2022-06-05,1,19449,0,1277,1,20726,FALSE
North West,2022-06-06,3,19452,1,1278,4,20730,FALSE
North West,2022-06-07,5,19457,1,1279,6,20736,FALSE
North West,2022-06-08,9,19466,5,1284,14,20750,FALSE
North West,2022-06-09,2,19468,0,1284,2,20752,FALSE
North West,2022-06-10,6,19474,0,1284,6,20758,FALSE
North West,2022-06-11,11,19485,0,1284,11,20769,FALSE
North West,2022-06-12,4,19489,1,1285,5,20774,FALSE
North West,2022-06-13,6,19495,0,1285,6,20780,FALSE
North West,2022-06-14,4,19499,0,1285,4,20784,FALSE
North West,2022-06-15,5,19504,0,1285,5,20789,FALSE
North West,2022-06-16,11,19515,0,1285,11,20800,FALSE
North West,2022-06-17,3,19518,0,1285,3,20803,FALSE
North West,2022-06-18,7,19525,0,1285,7,20810,FALSE
North West,2022-06-19,4,19529,1,1286,5,20815,FALSE
North West,2022-06-20,5,19534,1,1287,6,20821,FALSE
North West,2022-06-21,6,19540,1,1288,7,20828,FALSE
North West,2022-06-22,10,19550,1,1289,11,20839,FALSE
North West,2022-06-23,7,19557,2,1291,9,20848,TRUE
North West,2022-06-24,7,19564,0,1291,7,20855,TRUE
North West,2022-06-25,2,19566,0,1291,2,20857,TRUE
North West,2022-06-26,2,19568,0,1291,2,20859,TRUE
North West,2022-06-27,1,19569,0,1291,1,20860,TRUE
South East,2020-02-29,0,0,0,0,0,0,FALSE
South East,2020-03-01,0,0,0,0,0,0,FALSE
South East,2020-03-02,0,0,0,0,0,0,FALSE
South East,2020-03-03,1,1,0,0,1,1,FALSE
South East,2020-03-04,0,1,0,0,0,1,FALSE
South East,2020-03-05,1,2,0,0,1,2,FALSE
South East,2020-03-06,0,2,0,0,0,2,FALSE
South East,2020-03-07,0,2,0,0,0,2,FALSE
South East,2020-03-08,1,3,0,0,1,3,FALSE
South East,2020-03-09,1,4,0,0,1,4,FALSE
South East,2020-03-10,1,5,0,0,1,5,FALSE
South East,2020-03-11,1,6,0,0,1,6,FALSE
South East,2020-03-12,0,6,0,0,0,6,FALSE
South East,2020-03-13,1,7,0,0,1,7,FALSE
South East,2020-03-14,1,8,0,0,1,8,FALSE
South East,2020-03-15,5,13,0,0,5,13,FALSE
South East,2020-03-16,8,21,0,0,8,21,FALSE
South East,2020-03-17,7,28,0,0,7,28,FALSE
South East,2020-03-18,10,38,0,0,10,38,FALSE
South East,2020-03-19,9,47,0,0,9,47,FALSE
South East,2020-03-20,13,60,0,0,13,60,FALSE
South East,2020-03-21,7,67,0,0,7,67,FALSE
South East,2020-03-22,25,92,0,0,25,92,FALSE
South East,2020-03-23,20,112,0,0,20,112,FALSE
South East,2020-03-24,22,134,0,0,22,134,FALSE
South East,2020-03-25,29,163,0,0,29,163,FALSE
South East,2020-03-26,35,198,0,0,35,198,FALSE
South East,2020-03-27,36,234,0,0,36,234,FALSE
South East,2020-03-28,36,270,0,0,36,270,FALSE
South East,2020-03-29,55,325,0,0,55,325,FALSE
South East,2020-03-30,58,383,1,1,59,384,FALSE
South East,2020-03-31,65,448,0,1,65,449,FALSE
South East,2020-04-01,66,514,0,1,66,515,FALSE
South East,2020-04-02,55,569,0,1,55,570,FALSE
South East,2020-04-03,73,642,1,2,74,644,FALSE
South East,2020-04-04,80,722,0,2,80,724,FALSE
South East,2020-04-05,82,804,0,2,82,806,FALSE
South East,2020-04-06,88,892,0,2,88,894,FALSE
South East,2020-04-07,100,992,0,2,100,994,FALSE
South East,2020-04-08,83,1075,0,2,83,1077,FALSE
South East,2020-04-09,104,1179,0,2,104,1181,FALSE
South East,2020-04-10,88,1267,0,2,88,1269,FALSE
South East,2020-04-11,88,1355,0,2,88,1357,FALSE
South East,2020-04-12,88,1443,0,2,88,1445,FALSE
South East,2020-04-13,84,1527,0,2,84,1529,FALSE
South East,2020-04-14,65,1592,0,2,65,1594,FALSE
South East,2020-04-15,72,1664,0,2,72,1666,FALSE
South East,2020-04-16,56,1720,0,2,56,1722,FALSE
South East,2020-04-17,86,1806,0,2,86,1808,FALSE
South East,2020-04-18,57,1863,0,2,57,1865,FALSE
South East,2020-04-19,70,1933,0,2,70,1935,FALSE
South East,2020-04-20,87,2020,0,2,87,2022,FALSE
South East,2020-04-21,51,2071,0,2,51,2073,FALSE
South East,2020-04-22,54,2125,0,2,54,2127,FALSE
South East,2020-04-23,57,2182,0,2,57,2184,FALSE
South East,2020-04-24,64,2246,7,9,71,2255,FALSE
South East,2020-04-25,51,2297,5,14,56,2311,FALSE
South East,2020-04-26,51,2348,5,19,56,2367,FALSE
South East,2020-04-27,41,2389,4,23,45,2412,FALSE
South East,2020-04-28,40,2429,8,31,48,2460,FALSE
South East,2020-04-29,47,2476,6,37,53,2513,FALSE
South East,2020-04-30,29,2505,3,40,32,2545,FALSE
South East,2020-05-01,37,2542,5,45,42,2587,FALSE
South East,2020-05-02,36,2578,2,47,38,2625,FALSE
South East,2020-05-03,17,2595,9,56,26,2651,FALSE
South East,2020-05-04,35,2630,3,59,38,2689,FALSE
South East,2020-05-05,29,2659,3,62,32,2721,FALSE
South East,2020-05-06,25,2684,4,66,29,2750,FALSE
South East,2020-05-07,27,2711,2,68,29,2779,FALSE
South East,2020-05-08,26,2737,3,71,29,2808,FALSE
South East,2020-05-09,28,2765,4,75,32,2840,FALSE
South East,2020-05-10,19,2784,5,80,24,2864,FALSE
South East,2020-05-11,25,2809,1,81,26,2890,FALSE
South East,2020-05-12,27,2836,4,85,31,2921,FALSE
South East,2020-05-13,18,2854,4,89,22,2943,FALSE
South East,2020-05-14,32,2886,5,94,37,2980,FALSE
South East,2020-05-15,25,2911,3,97,28,3008,FALSE
South East,2020-05-16,22,2933,5,102,27,3035,FALSE
South East,2020-05-17,18,2951,6,108,24,3059,FALSE
South East,2020-05-18,23,2974,3,111,26,3085,FALSE
South East,2020-05-19,12,2986,1,112,13,3098,FALSE
South East,2020-05-20,22,3008,4,116,26,3124,FALSE
South East,2020-05-21,15,3023,6,122,21,3145,FALSE
South East,2020-05-22,17,3040,3,125,20,3165,FALSE
South East,2020-05-23,21,3061,2,127,23,3188,FALSE
South East,2020-05-24,17,3078,5,132,22,3210,FALSE
South East,2020-05-25,13,3091,3,135,16,3226,FALSE
South East,2020-05-26,19,3110,4,139,23,3249,FALSE
South East,2020-05-27,19,3129,3,142,22,3271,FALSE
South East,2020-05-28,12,3141,2,144,14,3285,FALSE
South East,2020-05-29,22,3163,1,145,23,3308,FALSE
South East,2020-05-30,8,3171,2,147,10,3318,FALSE
South East,2020-05-31,12,3183,3,150,15,3333,FALSE
South East,2020-06-01,11,3194,6,156,17,3350,FALSE
South East,2020-06-02,13,3207,1,157,14,3364,FALSE
South East,2020-06-03,18,3225,1,158,19,3383,FALSE
South East,2020-06-04,11,3236,2,160,13,3396,FALSE
South East,2020-06-05,11,3247,2,162,13,3409,FALSE
South East,2020-06-06,10,3257,0,162,10,3419,FALSE
South East,2020-06-07,12,3269,2,164,14,3433,FALSE
South East,2020-06-08,8,3277,0,164,8,3441,FALSE
South East,2020-06-09,11,3288,0,164,11,3452,FALSE
South East,2020-06-10,11,3299,1,165,12,3464,FALSE
South East,2020-06-11,5,3304,4,169,9,3473,FALSE
South East,2020-06-12,6,3310,3,172,9,3482,FALSE
South East,2020-06-13,7,3317,1,173,8,3490,FALSE
South East,2020-06-14,7,3324,0,173,7,3497,FALSE
South East,2020-06-15,8,3332,1,174,9,3506,FALSE
South East,2020-06-16,14,3346,2,176,16,3522,FALSE
South East,2020-06-17,10,3356,1,177,11,3533,FALSE
South East,2020-06-18,4,3360,0,177,4,3537,FALSE
South East,2020-06-19,7,3367,3,180,10,3547,FALSE
South East,2020-06-20,5,3372,0,180,5,3552,FALSE
South East,2020-06-21,3,3375,0,180,3,3555,FALSE
South East,2020-06-22,2,3377,3,183,5,3560,FALSE
South East,2020-06-23,9,3386,0,183,9,3569,FALSE
South East,2020-06-24,7,3393,1,184,8,3577,FALSE
South East,2020-06-25,5,3398,1,185,6,3583,FALSE
South East,2020-06-26,8,3406,1,186,9,3592,FALSE
South East,2020-06-27,9,3415,0,186,9,3601,FALSE
South East,2020-06-28,6,3421,0,186,6,3607,FALSE
South East,2020-06-29,5,3426,3,189,8,3615,FALSE
South East,2020-06-30,5,3431,2,191,7,3622,FALSE
South East,2020-07-01,2,3433,0,191,2,3624,FALSE
South East,2020-07-02,8,3441,1,192,9,3633,FALSE
South East,2020-07-03,3,3444,2,194,5,3638,FALSE
South East,2020-07-04,6,3450,0,194,6,3644,FALSE
South East,2020-07-05,5,3455,0,194,5,3649,FALSE
South East,2020-07-06,4,3459,0,194,4,3653,FALSE
South East,2020-07-07,6,3465,0,194,6,3659,FALSE
South East,2020-07-08,3,3468,2,196,5,3664,FALSE
South East,2020-07-09,7,3475,0,196,7,3671,FALSE
South East,2020-07-10,3,3478,1,197,4,3675,FALSE
South East,2020-07-11,4,3482,0,197,4,3679,FALSE
South East,2020-07-12,5,3487,1,198,6,3685,FALSE
South East,2020-07-13,5,3492,1,199,6,3691,FALSE
South East,2020-07-14,5,3497,1,200,6,3697,FALSE
South East,2020-07-15,6,3503,0,200,6,3703,FALSE
South East,2020-07-16,3,3506,0,200,3,3706,FALSE
South East,2020-07-17,1,3507,1,201,2,3708,FALSE
South East,2020-07-18,5,3512,1,202,6,3714,FALSE
South East,2020-07-19,2,3514,1,203,3,3717,FALSE
South East,2020-07-20,6,3520,0,203,6,3723,FALSE
South East,2020-07-21,4,3524,0,203,4,3727,FALSE
South East,2020-07-22,2,3526,0,203,2,3729,FALSE
South East,2020-07-23,3,3529,2,205,5,3734,FALSE
South East,2020-07-24,1,3530,0,205,1,3735,FALSE
South East,2020-07-25,1,3531,0,205,1,3736,FALSE
South East,2020-07-26,3,3534,1,206,4,3740,FALSE
South East,2020-07-27,1,3535,1,207,2,3742,FALSE
South East,2020-07-28,3,3538,0,207,3,3745,FALSE
South East,2020-07-29,2,3540,1,208,3,3748,FALSE
South East,2020-07-30,3,3543,0,208,3,3751,FALSE
South East,2020-07-31,1,3544,1,209,2,3753,FALSE
South East,2020-08-01,2,3546,0,209,2,3755,FALSE
South East,2020-08-02,4,3550,0,209,4,3759,FALSE
South East,2020-08-03,0,3550,1,210,1,3760,FALSE
South East,2020-08-04,0,3550,1,211,1,3761,FALSE
South East,2020-08-05,0,3550,0,211,0,3761,FALSE
South East,2020-08-06,2,3552,0,211,2,3763,FALSE
South East,2020-08-07,0,3552,1,212,1,3764,FALSE
South East,2020-08-08,2,3554,1,213,3,3767,FALSE
South East,2020-08-09,0,3554,0,213,0,3767,FALSE
South East,2020-08-10,2,3556,2,215,4,3771,FALSE
South East,2020-08-11,1,3557,1,216,2,3773,FALSE
South East,2020-08-12,1,3558,1,217,2,3775,FALSE
South East,2020-08-13,0,3558,3,220,3,3778,FALSE
South East,2020-08-14,0,3558,0,220,0,3778,FALSE
South East,2020-08-15,2,3560,1,221,3,3781,FALSE
South East,2020-08-16,1,3561,0,221,1,3782,FALSE
South East,2020-08-17,0,3561,0,221,0,3782,FALSE
South East,2020-08-18,2,3563,0,221,2,3784,FALSE
South East,2020-08-19,1,3564,0,221,1,3785,FALSE
South East,2020-08-20,0,3564,0,221,0,3785,FALSE
South East,2020-08-21,0,3564,1,222,1,3786,FALSE
South East,2020-08-22,0,3564,1,223,1,3787,FALSE
South East,2020-08-23,1,3565,0,223,1,3788,FALSE
South East,2020-08-24,0,3565,0,223,0,3788,FALSE
South East,2020-08-25,1,3566,1,224,2,3790,FALSE
South East,2020-08-26,0,3566,0,224,0,3790,FALSE
South East,2020-08-27,1,3567,0,224,1,3791,FALSE
South East,2020-08-28,2,3569,0,224,2,3793,FALSE
South East,2020-08-29,1,3570,0,224,1,3794,FALSE
South East,2020-08-30,0,3570,0,224,0,3794,FALSE
South East,2020-08-31,2,3572,0,224,2,3796,FALSE
South East,2020-09-01,1,3573,1,225,2,3798,FALSE
South East,2020-09-02,1,3574,1,226,2,3800,FALSE
South East,2020-09-03,0,3574,0,226,0,3800,FALSE
South East,2020-09-04,1,3575,1,227,2,3802,FALSE
South East,2020-09-05,0,3575,0,227,0,3802,FALSE
South East,2020-09-06,1,3576,0,227,1,3803,FALSE
South East,2020-09-07,0,3576,0,227,0,3803,FALSE
South East,2020-09-08,0,3576,0,227,0,3803,FALSE
South East,2020-09-09,0,3576,0,227,0,3803,FALSE
South East,2020-09-10,1,3577,1,228,2,3805,FALSE
South East,2020-09-11,1,3578,0,228,1,3806,FALSE
South East,2020-09-12,0,3578,0,228,0,3806,FALSE
South East,2020-09-13,3,3581,0,228,3,3809,FALSE
South East,2020-09-14,1,3582,0,228,1,3810,FALSE
South East,2020-09-15,2,3584,1,229,3,3813,FALSE
South East,2020-09-16,2,3586,1,230,3,3816,FALSE
South East,2020-09-17,3,3589,0,230,3,3819,FALSE
South East,2020-09-18,1,3590,0,230,1,3820,FALSE
South East,2020-09-19,1,3591,0,230,1,3821,FALSE
South East,2020-09-20,0,3591,0,230,0,3821,FALSE
South East,2020-09-21,3,3594,0,230,3,3824,FALSE
South East,2020-09-22,0,3594,0,230,0,3824,FALSE
South East,2020-09-23,2,3596,0,230,2,3826,FALSE
South East,2020-09-24,1,3597,0,230,1,3827,FALSE
South East,2020-09-25,3,3600,0,230,3,3830,FALSE
South East,2020-09-26,2,3602,1,231,3,3833,FALSE
South East,2020-09-27,2,3604,2,233,4,3837,FALSE
South East,2020-09-28,6,3610,0,233,6,3843,FALSE
South East,2020-09-29,3,3613,0,233,3,3846,FALSE
South East,2020-09-30,4,3617,0,233,4,3850,FALSE
South East,2020-10-01,4,3621,1,234,5,3855,FALSE
South East,2020-10-02,2,3623,1,235,3,3858,FALSE
South East,2020-10-03,1,3624,0,235,1,3859,FALSE
South East,2020-10-04,1,3625,0,235,1,3860,FALSE
South East,2020-10-05,2,3627,0,235,2,3862,FALSE
South East,2020-10-06,1,3628,0,235,1,3863,FALSE
South East,2020-10-07,4,3632,0,235,4,3867,FALSE
South East,2020-10-08,1,3633,2,237,3,3870,FALSE
South East,2020-10-09,1,3634,1,238,2,3872,FALSE
South East,2020-10-10,3,3637,1,239,4,3876,FALSE
South East,2020-10-11,3,3640,0,239,3,3879,FALSE
South East,2020-10-12,4,3644,0,239,4,3883,FALSE
South East,2020-10-13,2,3646,3,242,5,3888,FALSE
South East,2020-10-14,2,3648,0,242,2,3890,FALSE
South East,2020-10-15,3,3651,0,242,3,3893,FALSE
South East,2020-10-16,2,3653,0,242,2,3895,FALSE
South East,2020-10-17,3,3656,1,243,4,3899,FALSE
South East,2020-10-18,4,3660,0,243,4,3903,FALSE
South East,2020-10-19,7,3667,1,244,8,3911,FALSE
South East,2020-10-20,8,3675,0,244,8,3919,FALSE
South East,2020-10-21,9,3684,1,245,10,3929,FALSE
South East,2020-10-22,5,3689,1,246,6,3935,FALSE
South East,2020-10-23,7,3696,0,246,7,3942,FALSE
South East,2020-10-24,5,3701,0,246,5,3947,FALSE
South East,2020-10-25,9,3710,1,247,10,3957,FALSE
South East,2020-10-26,13,3723,0,247,13,3970,FALSE
South East,2020-10-27,10,3733,0,247,10,3980,FALSE
South East,2020-10-28,10,3743,1,248,11,3991,FALSE
South East,2020-10-29,7,3750,2,250,9,4000,FALSE
South East,2020-10-30,6,3756,0,250,6,4006,FALSE
South East,2020-10-31,15,3771,1,251,16,4022,FALSE
South East,2020-11-01,18,3789,1,252,19,4041,FALSE
South East,2020-11-02,13,3802,1,253,14,4055,FALSE
South East,2020-11-03,16,3818,1,254,17,4072,FALSE
South East,2020-11-04,10,3828,0,254,10,4082,FALSE
South East,2020-11-05,10,3838,1,255,11,4093,FALSE
South East,2020-11-06,16,3854,2,257,18,4111,FALSE
South East,2020-11-07,17,3871,0,257,17,4128,FALSE
South East,2020-11-08,18,3889,2,259,20,4148,FALSE
South East,2020-11-09,19,3908,3,262,22,4170,FALSE
South East,2020-11-10,20,3928,2,264,22,4192,FALSE
South East,2020-11-11,20,3948,1,265,21,4213,FALSE
South East,2020-11-12,20,3968,0,265,20,4233,FALSE
South East,2020-11-13,12,3980,1,266,13,4246,FALSE
South East,2020-11-14,24,4004,0,266,24,4270,FALSE
South East,2020-11-15,25,4029,1,267,26,4296,FALSE
South East,2020-11-16,22,4051,0,267,22,4318,FALSE
South East,2020-11-17,23,4074,1,268,24,4342,FALSE
South East,2020-11-18,26,4100,0,268,26,4368,FALSE
South East,2020-11-19,21,4121,1,269,22,4390,FALSE
South East,2020-11-20,18,4139,1,270,19,4409,FALSE
South East,2020-11-21,23,4162,0,270,23,4432,FALSE
South East,2020-11-22,30,4192,1,271,31,4463,FALSE
South East,2020-11-23,29,4221,3,274,32,4495,FALSE
South East,2020-11-24,26,4247,0,274,26,4521,FALSE
South East,2020-11-25,42,4289,1,275,43,4564,FALSE
South East,2020-11-26,30,4319,0,275,30,4594,FALSE
South East,2020-11-27,31,4350,2,277,33,4627,FALSE
South East,2020-11-28,24,4374,1,278,25,4652,FALSE
South East,2020-11-29,37,4411,0,278,37,4689,FALSE
South East,2020-11-30,23,4434,2,280,25,4714,FALSE
South East,2020-12-01,29,4463,0,280,29,4743,FALSE
South East,2020-12-02,33,4496,1,281,34,4777,FALSE
South East,2020-12-03,36,4532,4,285,40,4817,FALSE
South East,2020-12-04,41,4573,0,285,41,4858,FALSE
South East,2020-12-05,37,4610,1,286,38,4896,FALSE
South East,2020-12-06,32,4642,3,289,35,4931,FALSE
South East,2020-12-07,25,4667,0,289,25,4956,FALSE
South East,2020-12-08,43,4710,3,292,46,5002,FALSE
South East,2020-12-09,44,4754,0,292,44,5046,FALSE
South East,2020-12-10,38,4792,4,296,42,5088,FALSE
South East,2020-12-11,50,4842,3,299,53,5141,FALSE
South East,2020-12-12,40,4882,3,302,43,5184,FALSE
South East,2020-12-13,41,4923,0,302,41,5225,FALSE
South East,2020-12-14,38,4961,1,303,39,5264,FALSE
South East,2020-12-15,51,5012,2,305,53,5317,FALSE
South East,2020-12-16,45,5057,2,307,47,5364,FALSE
South East,2020-12-17,54,5111,2,309,56,5420,FALSE
South East,2020-12-18,49,5160,1,310,50,5470,FALSE
South East,2020-12-19,44,5204,2,312,46,5516,FALSE
South East,2020-12-20,57,5261,2,314,59,5575,FALSE
South East,2020-12-21,67,5328,1,315,68,5643,FALSE
South East,2020-12-22,62,5390,2,317,64,5707,FALSE
South East,2020-12-23,71,5461,1,318,72,5779,FALSE
South East,2020-12-24,56,5517,1,319,57,5836,FALSE
South East,2020-12-25,71,5588,1,320,72,5908,FALSE
South East,2020-12-26,75,5663,3,323,78,5986,FALSE
South East,2020-12-27,77,5740,2,325,79,6065,FALSE
South East,2020-12-28,81,5821,5,330,86,6151,FALSE
South East,2020-12-29,79,5900,5,335,84,6235,FALSE
South East,2020-12-30,93,5993,1,336,94,6329,FALSE
South East,2020-12-31,93,6086,4,340,97,6426,FALSE
South East,2021-01-01,60,6146,4,344,64,6490,FALSE
South East,2021-01-02,95,6241,2,346,97,6587,FALSE
South East,2021-01-03,81,6322,5,351,86,6673,FALSE
South East,2021-01-04,107,6429,5,356,112,6785,FALSE
South East,2021-01-05,107,6536,3,359,110,6895,FALSE
South East,2021-01-06,121,6657,4,363,125,7020,FALSE
South East,2021-01-07,116,6773,5,368,121,7141,FALSE
South East,2021-01-08,125,6898,3,371,128,7269,FALSE
South East,2021-01-09,115,7013,4,375,119,7388,FALSE
South East,2021-01-10,128,7141,1,376,129,7517,FALSE
South East,2021-01-11,129,7270,3,379,132,7649,FALSE
South East,2021-01-12,170,7440,6,385,176,7825,FALSE
South East,2021-01-13,134,7574,4,389,138,7963,FALSE
South East,2021-01-14,141,7715,5,394,146,8109,FALSE
South East,2021-01-15,126,7841,4,398,130,8239,FALSE
South East,2021-01-16,154,7995,3,401,157,8396,FALSE
South East,2021-01-17,165,8160,5,406,170,8566,FALSE
South East,2021-01-18,152,8312,8,414,160,8726,FALSE
South East,2021-01-19,155,8467,6,420,161,8887,FALSE
South East,2021-01-20,134,8601,11,431,145,9032,FALSE
South East,2021-01-21,135,8736,4,435,139,9171,FALSE
South East,2021-01-22,133,8869,1,436,134,9305,FALSE
South East,2021-01-23,123,8992,7,443,130,9435,FALSE
South East,2021-01-24,118,9110,4,447,122,9557,FALSE
South East,2021-01-25,114,9224,7,454,121,9678,FALSE
South East,2021-01-26,131,9355,7,461,138,9816,FALSE
South East,2021-01-27,113,9468,5,466,118,9934,FALSE
South East,2021-01-28,127,9595,6,472,133,10067,FALSE
South East,2021-01-29,109,9704,4,476,113,10180,FALSE
South East,2021-01-30,94,9798,5,481,99,10279,FALSE
South East,2021-01-31,95,9893,3,484,98,10377,FALSE
South East,2021-02-01,96,9989,4,488,100,10477,FALSE
South East,2021-02-02,83,10072,6,494,89,10566,FALSE
South East,2021-02-03,95,10167,8,502,103,10669,FALSE
South East,2021-02-04,58,10225,10,512,68,10737,FALSE
South East,2021-02-05,69,10294,7,519,76,10813,FALSE
South East,2021-02-06,74,10368,6,525,80,10893,FALSE
South East,2021-02-07,63,10431,8,533,71,10964,FALSE
South East,2021-02-08,67,10498,13,546,80,11044,FALSE
South East,2021-02-09,38,10536,6,552,44,11088,FALSE
South East,2021-02-10,50,10586,6,558,56,11144,FALSE
South East,2021-02-11,65,10651,13,571,78,11222,FALSE
South East,2021-02-12,44,10695,4,575,48,11270,FALSE
South East,2021-02-13,35,10730,6,581,41,11311,FALSE
South East,2021-02-14,43,10773,10,591,53,11364,FALSE
South East,2021-02-15,51,10824,4,595,55,11419,FALSE
South East,2021-02-16,40,10864,4,599,44,11463,FALSE
South East,2021-02-17,35,10899,8,607,43,11506,FALSE
South East,2021-02-18,41,10940,8,615,49,11555,FALSE
South East,2021-02-19,39,10979,10,625,49,11604,FALSE
South East,2021-02-20,34,11013,6,631,40,11644,FALSE
South East,2021-02-21,35,11048,3,634,38,11682,FALSE
South East,2021-02-22,31,11079,3,637,34,11716,FALSE
South East,2021-02-23,29,11108,9,646,38,11754,FALSE
South East,2021-02-24,27,11135,6,652,33,11787,FALSE
South East,2021-02-25,27,11162,11,663,38,11825,FALSE
South East,2021-02-26,21,11183,7,670,28,11853,FALSE
South East,2021-02-27,24,11207,3,673,27,11880,FALSE
South East,2021-02-28,14,11221,4,677,18,11898,FALSE
South East,2021-03-01,21,11242,6,683,27,11925,FALSE
South East,2021-03-02,20,11262,6,689,26,11951,FALSE
South East,2021-03-03,18,11280,4,693,22,11973,FALSE
South East,2021-03-04,24,11304,3,696,27,12000,FALSE
South East,2021-03-05,18,11322,3,699,21,12021,FALSE
South East,2021-03-06,14,11336,2,701,16,12037,FALSE
South East,2021-03-07,11,11347,8,709,19,12056,FALSE
South East,2021-03-08,10,11357,4,713,14,12070,FALSE
South East,2021-03-09,13,11370,4,717,17,12087,FALSE
South East,2021-03-10,11,11381,4,721,15,12102,FALSE
South East,2021-03-11,12,11393,3,724,15,12117,FALSE
South East,2021-03-12,13,11406,1,725,14,12131,FALSE
South East,2021-03-13,8,11414,3,728,11,12142,FALSE
South East,2021-03-14,10,11424,3,731,13,12155,FALSE
South East,2021-03-15,9,11433,5,736,14,12169,FALSE
South East,2021-03-16,12,11445,1,737,13,12182,FALSE
South East,2021-03-17,5,11450,4,741,9,12191,FALSE
South East,2021-03-18,6,11456,3,744,9,12200,FALSE
South East,2021-03-19,9,11465,2,746,11,12211,FALSE
South East,2021-03-20,6,11471,2,748,8,12219,FALSE
South East,2021-03-21,2,11473,2,750,4,12223,FALSE
South East,2021-03-22,6,11479,4,754,10,12233,FALSE
South East,2021-03-23,3,11482,2,756,5,12238,FALSE
South East,2021-03-24,8,11490,1,757,9,12247,FALSE
South East,2021-03-25,5,11495,3,760,8,12255,FALSE
South East,2021-03-26,4,11499,1,761,5,12260,FALSE
South East,2021-03-27,2,11501,2,763,4,12264,FALSE
South East,2021-03-28,2,11503,2,765,4,12268,FALSE
South East,2021-03-29,4,11507,1,766,5,12273,FALSE
South East,2021-03-30,3,11510,1,767,4,12277,FALSE
South East,2021-03-31,5,11515,0,767,5,12282,FALSE
South East,2021-04-01,2,11517,3,770,5,12287,FALSE
South East,2021-04-02,4,11521,2,772,6,12293,FALSE
South East,2021-04-03,2,11523,0,772,2,12295,FALSE
South East,2021-04-04,2,11525,0,772,2,12297,FALSE
South East,2021-04-05,1,11526,2,774,3,12300,FALSE
South East,2021-04-06,3,11529,1,775,4,12304,FALSE
South East,2021-04-07,3,11532,2,777,5,12309,FALSE
South East,2021-04-08,4,11536,1,778,5,12314,FALSE
South East,2021-04-09,0,11536,0,778,0,12314,FALSE
South East,2021-04-10,2,11538,1,779,3,12317,FALSE
South East,2021-04-11,0,11538,1,780,1,12318,FALSE
South East,2021-04-12,3,11541,1,781,4,12322,FALSE
South East,2021-04-13,2,11543,0,781,2,12324,FALSE
South East,2021-04-14,3,11546,0,781,3,12327,FALSE
South East,2021-04-15,1,11547,0,781,1,12328,FALSE
South East,2021-04-16,0,11547,0,781,0,12328,FALSE
South East,2021-04-17,1,11548,2,783,3,12331,FALSE
South East,2021-04-18,1,11549,0,783,1,12332,FALSE
South East,2021-04-19,0,11549,1,784,1,12333,FALSE
South East,2021-04-20,2,11551,3,787,5,12338,FALSE
South East,2021-04-21,0,11551,1,788,1,12339,FALSE
South East,2021-04-22,0,11551,1,789,1,12340,FALSE
South East,2021-04-23,1,11552,0,789,1,12341,FALSE
South East,2021-04-24,1,11553,1,790,2,12343,FALSE
South East,2021-04-25,3,11556,1,791,4,12347,FALSE
South East,2021-04-26,0,11556,0,791,0,12347,FALSE
South East,2021-04-27,0,11556,1,792,1,12348,FALSE
South East,2021-04-28,0,11556,1,793,1,12349,FALSE
South East,2021-04-29,2,11558,0,793,2,12351,FALSE
South East,2021-04-30,2,11560,0,793,2,12353,FALSE
South East,2021-05-01,0,11560,0,793,0,12353,FALSE
South East,2021-05-02,1,11561,2,795,3,12356,FALSE
South East,2021-05-03,1,11562,1,796,2,12358,FALSE
South East,2021-05-04,1,11563,1,797,2,12360,FALSE
South East,2021-05-05,0,11563,1,798,1,12361,FALSE
South East,2021-05-06,0,11563,0,798,0,12361,FALSE
South East,2021-05-07,0,11563,1,799,1,12362,FALSE
South East,2021-05-08,2,11565,0,799,2,12364,FALSE
South East,2021-05-09,1,11566,0,799,1,12365,FALSE
South East,2021-05-10,0,11566,0,799,0,12365,FALSE
South East,2021-05-11,1,11567,0,799,1,12366,FALSE
South East,2021-05-12,0,11567,0,799,0,12366,FALSE
South East,2021-05-13,0,11567,0,799,0,12366,FALSE
South East,2021-05-14,0,11567,2,801,2,12368,FALSE
South East,2021-05-15,0,11567,0,801,0,12368,FALSE
South East,2021-05-16,0,11567,0,801,0,12368,FALSE
South East,2021-05-17,0,11567,0,801,0,12368,FALSE
South East,2021-05-18,2,11569,0,801,2,12370,FALSE
South East,2021-05-19,0,11569,0,801,0,12370,FALSE
South East,2021-05-20,1,11570,0,801,1,12371,FALSE
South East,2021-05-21,0,11570,1,802,1,12372,FALSE
South East,2021-05-22,0,11570,0,802,0,12372,FALSE
South East,2021-05-23,0,11570,1,803,1,12373,FALSE
South East,2021-05-24,0,11570,1,804,1,12374,FALSE
South East,2021-05-25,0,11570,1,805,1,12375,FALSE
South East,2021-05-26,0,11570,0,805,0,12375,FALSE
South East,2021-05-27,0,11570,0,805,0,12375,FALSE
South East,2021-05-28,0,11570,1,806,1,12376,FALSE
South East,2021-05-29,0,11570,0,806,0,12376,FALSE
South East,2021-05-30,0,11570,0,806,0,12376,FALSE
South East,2021-05-31,0,11570,0,806,0,12376,FALSE
South East,2021-06-01,0,11570,0,806,0,12376,FALSE
South East,2021-06-02,0,11570,1,807,1,12377,FALSE
South East,2021-06-03,0,11570,0,807,0,12377,FALSE
South East,2021-06-04,0,11570,0,807,0,12377,FALSE
South East,2021-06-05,0,11570,0,807,0,12377,FALSE
South East,2021-06-06,0,11570,0,807,0,12377,FALSE
South East,2021-06-07,0,11570,0,807,0,12377,FALSE
South East,2021-06-08,2,11572,0,807,2,12379,FALSE
South East,2021-06-09,1,11573,1,808,2,12381,FALSE
South East,2021-06-10,3,11576,0,808,3,12384,FALSE
South East,2021-06-11,0,11576,2,810,2,12386,FALSE
South East,2021-06-12,0,11576,0,810,0,12386,FALSE
South East,2021-06-13,2,11578,0,810,2,12388,FALSE
South East,2021-06-14,0,11578,0,810,0,12388,FALSE
South East,2021-06-15,0,11578,0,810,0,12388,FALSE
South East,2021-06-16,0,11578,0,810,0,12388,FALSE
South East,2021-06-17,1,11579,0,810,1,12389,FALSE
South East,2021-06-18,0,11579,0,810,0,12389,FALSE
South East,2021-06-19,0,11579,0,810,0,12389,FALSE
South East,2021-06-20,1,11580,0,810,1,12390,FALSE
South East,2021-06-21,0,11580,0,810,0,12390,FALSE
South East,2021-06-22,0,11580,1,811,1,12391,FALSE
South East,2021-06-23,0,11580,0,811,0,12391,FALSE
South East,2021-06-24,1,11581,1,812,2,12393,FALSE
South East,2021-06-25,3,11584,1,813,4,12397,FALSE
South East,2021-06-26,2,11586,1,814,3,12400,FALSE
South East,2021-06-27,0,11586,0,814,0,12400,FALSE
South East,2021-06-28,0,11586,0,814,0,12400,FALSE
South East,2021-06-29,0,11586,0,814,0,12400,FALSE
South East,2021-06-30,0,11586,0,814,0,12400,FALSE
South East,2021-07-01,1,11587,0,814,1,12401,FALSE
South East,2021-07-02,1,11588,0,814,1,12402,FALSE
South East,2021-07-03,2,11590,0,814,2,12404,FALSE
South East,2021-07-04,1,11591,0,814,1,12405,FALSE
South East,2021-07-05,2,11593,0,814,2,12407,FALSE
South East,2021-07-06,1,11594,0,814,1,12408,FALSE
South East,2021-07-07,1,11595,0,814,1,12409,FALSE
South East,2021-07-08,1,11596,1,815,2,12411,FALSE
South East,2021-07-09,1,11597,0,815,1,12412,FALSE
South East,2021-07-10,1,11598,0,815,1,12413,FALSE
South East,2021-07-11,0,11598,0,815,0,12413,FALSE
South East,2021-07-12,2,11600,1,816,3,12416,FALSE
South East,2021-07-13,0,11600,0,816,0,12416,FALSE
South East,2021-07-14,1,11601,0,816,1,12417,FALSE
South East,2021-07-15,2,11603,0,816,2,12419,FALSE
South East,2021-07-16,2,11605,0,816,2,12421,FALSE
South East,2021-07-17,2,11607,0,816,2,12423,FALSE
South East,2021-07-18,1,11608,0,816,1,12424,FALSE
South East,2021-07-19,6,11614,0,816,6,12430,FALSE
South East,2021-07-20,2,11616,0,816,2,12432,FALSE
South East,2021-07-21,4,11620,0,816,4,12436,FALSE
South East,2021-07-22,2,11622,0,816,2,12438,FALSE
South East,2021-07-23,4,11626,0,816,4,12442,FALSE
South East,2021-07-24,2,11628,1,817,3,12445,FALSE
South East,2021-07-25,5,11633,0,817,5,12450,FALSE
South East,2021-07-26,3,11636,1,818,4,12454,FALSE
South East,2021-07-27,3,11639,0,818,3,12457,FALSE
South East,2021-07-28,9,11648,0,818,9,12466,FALSE
South East,2021-07-29,6,11654,1,819,7,12473,FALSE
South East,2021-07-30,6,11660,1,820,7,12480,FALSE
South East,2021-07-31,4,11664,1,821,5,12485,FALSE
South East,2021-08-01,3,11667,0,821,3,12488,FALSE
South East,2021-08-02,7,11674,0,821,7,12495,FALSE
South East,2021-08-03,3,11677,0,821,3,12498,FALSE
South East,2021-08-04,1,11678,0,821,1,12499,FALSE
South East,2021-08-05,3,11681,0,821,3,12502,FALSE
South East,2021-08-06,9,11690,0,821,9,12511,FALSE
South East,2021-08-07,3,11693,0,821,3,12514,FALSE
South East,2021-08-08,6,11699,2,823,8,12522,FALSE
South East,2021-08-09,2,11701,1,824,3,12525,FALSE
South East,2021-08-10,0,11701,0,824,0,12525,FALSE
South East,2021-08-11,4,11705,1,825,5,12530,FALSE
South East,2021-08-12,4,11709,0,825,4,12534,FALSE
South East,2021-08-13,3,11712,2,827,5,12539,FALSE
South East,2021-08-14,1,11713,0,827,1,12540,FALSE
South East,2021-08-15,5,11718,3,830,8,12548,FALSE
South East,2021-08-16,7,11725,1,831,8,12556,FALSE
South East,2021-08-17,13,11738,0,831,13,12569,FALSE
South East,2021-08-18,6,11744,0,831,6,12575,FALSE
South East,2021-08-19,8,11752,2,833,10,12585,FALSE
South East,2021-08-20,8,11760,2,835,10,12595,FALSE
South East,2021-08-21,5,11765,0,835,5,12600,FALSE
South East,2021-08-22,11,11776,1,836,12,12612,FALSE
South East,2021-08-23,6,11782,0,836,6,12618,FALSE
South East,2021-08-24,7,11789,0,836,7,12625,FALSE
South East,2021-08-25,8,11797,2,838,10,12635,FALSE
South East,2021-08-26,5,11802,1,839,6,12641,FALSE
South East,2021-08-27,7,11809,1,840,8,12649,FALSE
South East,2021-08-28,8,11817,1,841,9,12658,FALSE
South East,2021-08-29,8,11825,0,841,8,12666,FALSE
South East,2021-08-30,6,11831,2,843,8,12674,FALSE
South East,2021-08-31,2,11833,2,845,4,12678,FALSE
South East,2021-09-01,6,11839,1,846,7,12685,FALSE
South East,2021-09-02,5,11844,0,846,5,12690,FALSE
South East,2021-09-03,11,11855,1,847,12,12702,FALSE
South East,2021-09-04,12,11867,0,847,12,12714,FALSE
South East,2021-09-05,12,11879,1,848,13,12727,FALSE
South East,2021-09-06,10,11889,2,850,12,12739,FALSE
South East,2021-09-07,15,11904,2,852,17,12756,FALSE
South East,2021-09-08,12,11916,0,852,12,12768,FALSE
South East,2021-09-09,11,11927,0,852,11,12779,FALSE
South East,2021-09-10,11,11938,2,854,13,12792,FALSE
South East,2021-09-11,8,11946,2,856,10,12802,FALSE
South East,2021-09-12,7,11953,2,858,9,12811,FALSE
South East,2021-09-13,7,11960,1,859,8,12819,FALSE
South East,2021-09-14,4,11964,2,861,6,12825,FALSE
South East,2021-09-15,11,11975,0,861,11,12836,FALSE
South East,2021-09-16,8,11983,0,861,8,12844,FALSE
South East,2021-09-17,8,11991,0,861,8,12852,FALSE
South East,2021-09-18,10,12001,1,862,11,12863,FALSE
South East,2021-09-19,9,12010,3,865,12,12875,FALSE
South East,2021-09-20,4,12014,1,866,5,12880,FALSE
South East,2021-09-21,9,12023,2,868,11,12891,FALSE
South East,2021-09-22,5,12028,1,869,6,12897,FALSE
South East,2021-09-23,5,12033,1,870,6,12903,FALSE
South East,2021-09-24,7,12040,1,871,8,12911,FALSE
South East,2021-09-25,6,12046,0,871,6,12917,FALSE
South East,2021-09-26,7,12053,1,872,8,12925,FALSE
South East,2021-09-27,4,12057,1,873,5,12930,FALSE
South East,2021-09-28,4,12061,1,874,5,12935,FALSE
South East,2021-09-29,8,12069,1,875,9,12944,FALSE
South East,2021-09-30,4,12073,3,878,7,12951,FALSE
South East,2021-10-01,5,12078,0,878,5,12956,FALSE
South East,2021-10-02,3,12081,1,879,4,12960,FALSE
South East,2021-10-03,7,12088,0,879,7,12967,FALSE
South East,2021-10-04,3,12091,1,880,4,12971,FALSE
South East,2021-10-05,4,12095,0,880,4,12975,FALSE
South East,2021-10-06,5,12100,0,880,5,12980,FALSE
South East,2021-10-07,5,12105,1,881,6,12986,FALSE
South East,2021-10-08,3,12108,0,881,3,12989,FALSE
South East,2021-10-09,4,12112,0,881,4,12993,FALSE
South East,2021-10-10,8,12120,0,881,8,13001,FALSE
South East,2021-10-11,6,12126,0,881,6,13007,FALSE
South East,2021-10-12,3,12129,0,881,3,13010,FALSE
South East,2021-10-13,6,12135,0,881,6,13016,FALSE
South East,2021-10-14,10,12145,0,881,10,13026,FALSE
South East,2021-10-15,11,12156,1,882,12,13038,FALSE
South East,2021-10-16,6,12162,2,884,8,13046,FALSE
South East,2021-10-17,6,12168,1,885,7,13053,FALSE
South East,2021-10-18,5,12173,1,886,6,13059,FALSE
South East,2021-10-19,10,12183,1,887,11,13070,FALSE
South East,2021-10-20,7,12190,1,888,8,13078,FALSE
South East,2021-10-21,6,12196,2,890,8,13086,FALSE
South East,2021-10-22,6,12202,0,890,6,13092,FALSE
South East,2021-10-23,14,12216,0,890,14,13106,FALSE
South East,2021-10-24,4,12220,2,892,6,13112,FALSE
South East,2021-10-25,9,12229,0,892,9,13121,FALSE
South East,2021-10-26,11,12240,0,892,11,13132,FALSE
South East,2021-10-27,13,12253,2,894,15,13147,FALSE
South East,2021-10-28,16,12269,1,895,17,13164,FALSE
South East,2021-10-29,11,12280,2,897,13,13177,FALSE
South East,2021-10-30,19,12299,1,898,20,13197,FALSE
South East,2021-10-31,13,12312,2,900,15,13212,FALSE
South East,2021-11-01,16,12328,0,900,16,13228,FALSE
South East,2021-11-02,14,12342,1,901,15,13243,FALSE
South East,2021-11-03,9,12351,1,902,10,13253,FALSE
South East,2021-11-04,10,12361,1,903,11,13264,FALSE
South East,2021-11-05,16,12377,0,903,16,13280,FALSE
South East,2021-11-06,13,12390,0,903,13,13293,FALSE
South East,2021-11-07,12,12402,2,905,14,13307,FALSE
South East,2021-11-08,14,12416,0,905,14,13321,FALSE
South East,2021-11-09,11,12427,2,907,13,13334,FALSE
South East,2021-11-10,15,12442,0,907,15,13349,FALSE
South East,2021-11-11,10,12452,0,907,10,13359,FALSE
South East,2021-11-12,11,12463,0,907,11,13370,FALSE
South East,2021-11-13,11,12474,1,908,12,13382,FALSE
South East,2021-11-14,8,12482,1,909,9,13391,FALSE
South East,2021-11-15,11,12493,0,909,11,13402,FALSE
South East,2021-11-16,11,12504,1,910,12,13414,FALSE
South East,2021-11-17,15,12519,0,910,15,13429,FALSE
South East,2021-11-18,6,12525,1,911,7,13436,FALSE
South East,2021-11-19,11,12536,1,912,12,13448,FALSE
South East,2021-11-20,8,12544,0,912,8,13456,FALSE
South East,2021-11-21,7,12551,0,912,7,13463,FALSE
South East,2021-11-22,11,12562,0,912,11,13474,FALSE
South East,2021-11-23,9,12571,1,913,10,13484,FALSE
South East,2021-11-24,14,12585,0,913,14,13498,FALSE
South East,2021-11-25,9,12594,2,915,11,13509,FALSE
South East,2021-11-26,10,12604,0,915,10,13519,FALSE
South East,2021-11-27,8,12612,1,916,9,13528,FALSE
South East,2021-11-28,8,12620,0,916,8,13536,FALSE
South East,2021-11-29,6,12626,1,917,7,13543,FALSE
South East,2021-11-30,15,12641,0,917,15,13558,FALSE
South East,2021-12-01,12,12653,1,918,13,13571,FALSE
South East,2021-12-02,11,12664,3,921,14,13585,FALSE
South East,2021-12-03,13,12677,0,921,13,13598,FALSE
South East,2021-12-04,12,12689,1,922,13,13611,FALSE
South East,2021-12-05,8,12697,0,922,8,13619,FALSE
South East,2021-12-06,10,12707,0,922,10,13629,FALSE
South East,2021-12-07,8,12715,5,927,13,13642,FALSE
South East,2021-12-08,11,12726,2,929,13,13655,FALSE
South East,2021-12-09,14,12740,0,929,14,13669,FALSE
South East,2021-12-10,11,12751,1,930,12,13681,FALSE
South East,2021-12-11,6,12757,0,930,6,13687,FALSE
South East,2021-12-12,9,12766,0,930,9,13696,FALSE
South East,2021-12-13,6,12772,1,931,7,13703,FALSE
South East,2021-12-14,17,12789,4,935,21,13724,FALSE
South East,2021-12-15,10,12799,0,935,10,13734,FALSE
South East,2021-12-16,13,12812,1,936,14,13748,FALSE
South East,2021-12-17,10,12822,1,937,11,13759,FALSE
South East,2021-12-18,9,12831,1,938,10,13769,FALSE
South East,2021-12-19,11,12842,1,939,12,13781,FALSE
South East,2021-12-20,6,12848,0,939,6,13787,FALSE
South East,2021-12-21,10,12858,1,940,11,13798,FALSE
South East,2021-12-22,8,12866,1,941,9,13807,FALSE
South East,2021-12-23,10,12876,2,943,12,13819,FALSE
South East,2021-12-24,6,12882,1,944,7,13826,FALSE
South East,2021-12-25,12,12894,1,945,13,13839,FALSE
South East,2021-12-26,7,12901,0,945,7,13846,FALSE
South East,2021-12-27,15,12916,0,945,15,13861,FALSE
South East,2021-12-28,8,12924,2,947,10,13871,FALSE
South East,2021-12-29,8,12932,2,949,10,13881,FALSE
South East,2021-12-30,11,12943,2,951,13,13894,FALSE
South East,2021-12-31,9,12952,1,952,10,13904,FALSE
South East,2022-01-01,11,12963,2,954,13,13917,FALSE
South East,2022-01-02,8,12971,2,956,10,13927,FALSE
South East,2022-01-03,15,12986,1,957,16,13943,FALSE
South East,2022-01-04,18,13004,2,959,20,13963,FALSE
South East,2022-01-05,16,13020,2,961,18,13981,FALSE
South East,2022-01-06,10,13030,1,962,11,13992,FALSE
South East,2022-01-07,16,13046,0,962,16,14008,FALSE
South East,2022-01-08,11,13057,2,964,13,14021,FALSE
South East,2022-01-09,17,13074,0,964,17,14038,FALSE
South East,2022-01-10,13,13087,1,965,14,14052,FALSE
South East,2022-01-11,9,13096,0,965,9,14061,FALSE
South East,2022-01-12,19,13115,1,966,20,14081,FALSE
South East,2022-01-13,16,13131,1,967,17,14098,FALSE
South East,2022-01-14,12,13143,1,968,13,14111,FALSE
South East,2022-01-15,22,13165,1,969,23,14134,FALSE
South East,2022-01-16,12,13177,1,970,13,14147,FALSE
South East,2022-01-17,20,13197,1,971,21,14168,FALSE
South East,2022-01-18,19,13216,1,972,20,14188,FALSE
South East,2022-01-19,17,13233,0,972,17,14205,FALSE
South East,2022-01-20,16,13249,2,974,18,14223,FALSE
South East,2022-01-21,16,13265,2,976,18,14241,FALSE
South East,2022-01-22,20,13285,2,978,22,14263,FALSE
South East,2022-01-23,7,13292,0,978,7,14270,FALSE
South East,2022-01-24,19,13311,2,980,21,14291,FALSE
South East,2022-01-25,12,13323,1,981,13,14304,FALSE
South East,2022-01-26,13,13336,2,983,15,14319,FALSE
South East,2022-01-27,14,13350,4,987,18,14337,FALSE
South East,2022-01-28,17,13367,0,987,17,14354,FALSE
South East,2022-01-29,17,13384,0,987,17,14371,FALSE
South East,2022-01-30,14,13398,2,989,16,14387,FALSE
South East,2022-01-31,22,13420,1,990,23,14410,FALSE
South East,2022-02-01,15,13435,1,991,16,14426,FALSE
South East,2022-02-02,22,13457,0,991,22,14448,FALSE
South East,2022-02-03,14,13471,0,991,14,14462,FALSE
South East,2022-02-04,12,13483,0,991,12,14474,FALSE
South East,2022-02-05,15,13498,1,992,16,14490,FALSE
South East,2022-02-06,19,13517,2,994,21,14511,FALSE
South East,2022-02-07,15,13532,2,996,17,14528,FALSE
South East,2022-02-08,23,13555,2,998,25,14553,FALSE
South East,2022-02-09,16,13571,0,998,16,14569,FALSE
South East,2022-02-10,17,13588,2,1000,19,14588,FALSE
South East,2022-02-11,14,13602,0,1000,14,14602,FALSE
South East,2022-02-12,26,13628,2,1002,28,14630,FALSE
South East,2022-02-13,15,13643,1,1003,16,14646,FALSE
South East,2022-02-14,13,13656,1,1004,14,14660,FALSE
South East,2022-02-15,21,13677,0,1004,21,14681,FALSE
South East,2022-02-16,5,13682,0,1004,5,14686,FALSE
South East,2022-02-17,14,13696,0,1004,14,14700,FALSE
South East,2022-02-18,13,13709,1,1005,14,14714,FALSE
South East,2022-02-19,22,13731,0,1005,22,14736,FALSE
South East,2022-02-20,21,13752,1,1006,22,14758,FALSE
South East,2022-02-21,11,13763,0,1006,11,14769,FALSE
South East,2022-02-22,5,13768,4,1010,9,14778,FALSE
South East,2022-02-23,17,13785,0,1010,17,14795,FALSE
South East,2022-02-24,13,13798,2,1012,15,14810,FALSE
South East,2022-02-25,13,13811,0,1012,13,14823,FALSE
South East,2022-02-26,17,13828,1,1013,18,14841,FALSE
South East,2022-02-27,10,13838,2,1015,12,14853,FALSE
South East,2022-02-28,12,13850,1,1016,13,14866,FALSE
South East,2022-03-01,8,13858,2,1018,10,14876,FALSE
South East,2022-03-02,18,13876,3,1021,21,14897,FALSE
South East,2022-03-03,16,13892,1,1022,17,14914,FALSE
South East,2022-03-04,10,13902,1,1023,11,14925,FALSE
South East,2022-03-05,12,13914,0,1023,12,14937,FALSE
South East,2022-03-06,9,13923,1,1024,10,14947,FALSE
South East,2022-03-07,12,13935,1,1025,13,14960,FALSE
South East,2022-03-08,13,13948,1,1026,14,14974,FALSE
South East,2022-03-09,14,13962,0,1026,14,14988,FALSE
South East,2022-03-10,15,13977,1,1027,16,15004,FALSE
South East,2022-03-11,11,13988,0,1027,11,15015,FALSE
South East,2022-03-12,11,13999,0,1027,11,15026,FALSE
South East,2022-03-13,16,14015,0,1027,16,15042,FALSE
South East,2022-03-14,19,14034,1,1028,20,15062,FALSE
South East,2022-03-15,14,14048,0,1028,14,15076,FALSE
South East,2022-03-16,14,14062,2,1030,16,15092,FALSE
South East,2022-03-17,21,14083,1,1031,22,15114,FALSE
South East,2022-03-18,15,14098,0,1031,15,15129,FALSE
South East,2022-03-19,14,14112,1,1032,15,15144,FALSE
South East,2022-03-20,20,14132,1,1033,21,15165,FALSE
South East,2022-03-21,11,14143,1,1034,12,15177,FALSE
South East,2022-03-22,24,14167,2,1036,26,15203,FALSE
South East,2022-03-23,16,14183,0,1036,16,15219,FALSE
South East,2022-03-24,18,14201,1,1037,19,15238,FALSE
South East,2022-03-25,16,14217,0,1037,16,15254,FALSE
South East,2022-03-26,20,14237,1,1038,21,15275,FALSE
South East,2022-03-27,21,14258,0,1038,21,15296,FALSE
South East,2022-03-28,13,14271,0,1038,13,15309,FALSE
South East,2022-03-29,17,14288,0,1038,17,15326,FALSE
South East,2022-03-30,17,14305,2,1040,19,15345,FALSE
South East,2022-03-31,16,14321,0,1040,16,15361,FALSE
South East,2022-04-01,20,14341,2,1042,22,15383,FALSE
South East,2022-04-02,25,14366,2,1044,27,15410,FALSE
South East,2022-04-03,21,14387,1,1045,22,15432,FALSE
South East,2022-04-04,20,14407,0,1045,20,15452,FALSE
South East,2022-04-05,24,14431,3,1048,27,15479,FALSE
South East,2022-04-06,28,14459,1,1049,29,15508,FALSE
South East,2022-04-07,24,14483,0,1049,24,15532,FALSE
South East,2022-04-08,29,14512,2,1051,31,15563,FALSE
South East,2022-04-09,30,14542,1,1052,31,15594,FALSE
South East,2022-04-10,32,14574,2,1054,34,15628,FALSE
South East,2022-04-11,15,14589,3,1057,18,15646,FALSE
South East,2022-04-12,22,14611,1,1058,23,15669,FALSE
South East,2022-04-13,15,14626,1,1059,16,15685,FALSE
South East,2022-04-14,20,14646,3,1062,23,15708,FALSE
South East,2022-04-15,20,14666,2,1064,22,15730,FALSE
South East,2022-04-16,24,14690,1,1065,25,15755,FALSE
South East,2022-04-17,18,14708,0,1065,18,15773,FALSE
South East,2022-04-18,21,14729,0,1065,21,15794,FALSE
South East,2022-04-19,15,14744,0,1065,15,15809,FALSE
South East,2022-04-20,22,14766,2,1067,24,15833,FALSE
South East,2022-04-21,19,14785,2,1069,21,15854,FALSE
South East,2022-04-22,18,14803,1,1070,19,15873,FALSE
South East,2022-04-23,16,14819,2,1072,18,15891,FALSE
South East,2022-04-24,17,14836,2,1074,19,15910,FALSE
South East,2022-04-25,20,14856,0,1074,20,15930,FALSE
South East,2022-04-26,19,14875,0,1074,19,15949,FALSE
South East,2022-04-27,13,14888,0,1074,13,15962,FALSE
South East,2022-04-28,14,14902,1,1075,15,15977,FALSE
South East,2022-04-29,14,14916,2,1077,16,15993,FALSE
South East,2022-04-30,12,14928,3,1080,15,16008,FALSE
South East,2022-05-01,10,14938,1,1081,11,16019,FALSE
South East,2022-05-02,7,14945,2,1083,9,16028,FALSE
South East,2022-05-03,8,14953,2,1085,10,16038,FALSE
South East,2022-05-04,12,14965,1,1086,13,16051,FALSE
South East,2022-05-05,12,14977,1,1087,13,16064,FALSE
South East,2022-05-06,17,14994,2,1089,19,16083,FALSE
South East,2022-05-07,12,15006,1,1090,13,16096,FALSE
South East,2022-05-08,15,15021,1,1091,16,16112,FALSE
South East,2022-05-09,11,15032,1,1092,12,16124,FALSE
South East,2022-05-10,10,15042,1,1093,11,16135,FALSE
South East,2022-05-11,9,15051,0,1093,9,16144,FALSE
South East,2022-05-12,9,15060,2,1095,11,16155,FALSE
South East,2022-05-13,10,15070,2,1097,12,16167,FALSE
South East,2022-05-14,5,15075,1,1098,6,16173,FALSE
South East,2022-05-15,5,15080,1,1099,6,16179,FALSE
South East,2022-05-16,3,15083,1,1100,4,16183,FALSE
South East,2022-05-17,6,15089,1,1101,7,16190,FALSE
South East,2022-05-18,4,15093,0,1101,4,16194,FALSE
South East,2022-05-19,6,15099,0,1101,6,16200,FALSE
South East,2022-05-20,4,15103,2,1103,6,16206,FALSE
South East,2022-05-21,7,15110,1,1104,8,16214,FALSE
South East,2022-05-22,7,15117,0,1104,7,16221,FALSE
South East,2022-05-23,5,15122,2,1106,7,16228,FALSE
South East,2022-05-24,6,15128,1,1107,7,16235,FALSE
South East,2022-05-25,6,15134,0,1107,6,16241,FALSE
South East,2022-05-26,3,15137,0,1107,3,16244,FALSE
South East,2022-05-27,5,15142,1,1108,6,16250,FALSE
South East,2022-05-28,9,15151,0,1108,9,16259,FALSE
South East,2022-05-29,3,15154,0,1108,3,16262,FALSE
South East,2022-05-30,5,15159,0,1108,5,16267,FALSE
South East,2022-05-31,7,15166,0,1108,7,16274,FALSE
South East,2022-06-01,1,15167,0,1108,1,16275,FALSE
South East,2022-06-02,4,15171,1,1109,5,16280,FALSE
South East,2022-06-03,4,15175,1,1110,5,16285,FALSE
South East,2022-06-04,4,15179,0,1110,4,16289,FALSE
South East,2022-06-05,4,15183,0,1110,4,16293,FALSE
South East,2022-06-06,10,15193,0,1110,10,16303,FALSE
South East,2022-06-07,1,15194,0,1110,1,16304,FALSE
South East,2022-06-08,4,15198,0,1110,4,16308,FALSE
South East,2022-06-09,1,15199,1,1111,2,16310,FALSE
South East,2022-06-10,6,15205,1,1112,7,16317,FALSE
South East,2022-06-11,7,15212,0,1112,7,16324,FALSE
South East,2022-06-12,2,15214,0,1112,2,16326,FALSE
South East,2022-06-13,4,15218,0,1112,4,16330,FALSE
South East,2022-06-14,6,15224,1,1113,7,16337,FALSE
South East,2022-06-15,5,15229,0,1113,5,16342,FALSE
South East,2022-06-16,4,15233,0,1113,4,16346,FALSE
South East,2022-06-17,9,15242,0,1113,9,16355,FALSE
South East,2022-06-18,4,15246,0,1113,4,16359,FALSE
South East,2022-06-19,5,15251,0,1113,5,16364,FALSE
South East,2022-06-20,6,15257,0,1113,6,16370,FALSE
South East,2022-06-21,5,15262,0,1113,5,16375,FALSE
South East,2022-06-22,5,15267,0,1113,5,16380,FALSE
South East,2022-06-23,5,15272,0,1113,5,16385,TRUE
South East,2022-06-24,0,15272,0,1113,0,16385,TRUE
South East,2022-06-25,2,15274,0,1113,2,16387,TRUE
South East,2022-06-26,4,15278,0,1113,4,16391,TRUE
South East,2022-06-27,4,15282,0,1113,4,16395,TRUE
South West,2020-02-29,0,0,0,0,0,0,FALSE
South West,2020-03-01,0,0,0,0,0,0,FALSE
South West,2020-03-02,0,0,0,0,0,0,FALSE
South West,2020-03-03,0,0,0,0,0,0,FALSE
South West,2020-03-04,0,0,0,0,0,0,FALSE
South West,2020-03-05,0,0,0,0,0,0,FALSE
South West,2020-03-06,0,0,0,0,0,0,FALSE
South West,2020-03-07,0,0,0,0,0,0,FALSE
South West,2020-03-08,0,0,0,0,0,0,FALSE
South West,2020-03-09,0,0,0,0,0,0,FALSE
South West,2020-03-10,0,0,0,0,0,0,FALSE
South West,2020-03-11,1,1,0,0,1,1,FALSE
South West,2020-03-12,0,1,0,0,0,1,FALSE
South West,2020-03-13,0,1,0,0,0,1,FALSE
South West,2020-03-14,1,2,0,0,1,2,FALSE
South West,2020-03-15,0,2,0,0,0,2,FALSE
South West,2020-03-16,0,2,0,0,0,2,FALSE
South West,2020-03-17,2,4,0,0,2,4,FALSE
South West,2020-03-18,2,6,0,0,2,6,FALSE
South West,2020-03-19,4,10,0,0,4,10,FALSE
South West,2020-03-20,3,13,0,0,3,13,FALSE
South West,2020-03-21,7,20,0,0,7,20,FALSE
South West,2020-03-22,7,27,0,0,7,27,FALSE
South West,2020-03-23,8,35,0,0,8,35,FALSE
South West,2020-03-24,7,42,0,0,7,42,FALSE
South West,2020-03-25,9,51,0,0,9,51,FALSE
South West,2020-03-26,11,62,0,0,11,62,FALSE
South West,2020-03-27,13,75,0,0,13,75,FALSE
South West,2020-03-28,21,96,0,0,21,96,FALSE
South West,2020-03-29,18,114,0,0,18,114,FALSE
South West,2020-03-30,23,137,0,0,23,137,FALSE
South West,2020-03-31,23,160,0,0,23,160,FALSE
South West,2020-04-01,21,181,0,0,21,181,FALSE
South West,2020-04-02,23,204,0,0,23,204,FALSE
South West,2020-04-03,31,235,0,0,31,235,FALSE
South West,2020-04-04,42,277,0,0,42,277,FALSE
South West,2020-04-05,32,309,0,0,32,309,FALSE
South West,2020-04-06,35,344,0,0,35,344,FALSE
South West,2020-04-07,39,383,0,0,39,383,FALSE
South West,2020-04-08,47,430,0,0,47,430,FALSE
South West,2020-04-09,24,454,0,0,24,454,FALSE
South West,2020-04-10,46,500,0,0,46,500,FALSE
South West,2020-04-11,43,543,0,0,43,543,FALSE
South West,2020-04-12,23,566,0,0,23,566,FALSE
South West,2020-04-13,28,594,0,0,28,594,FALSE
South West,2020-04-14,24,618,0,0,24,618,FALSE
South West,2020-04-15,32,650,0,0,32,650,FALSE
South West,2020-04-16,29,679,0,0,29,679,FALSE
South West,2020-04-17,33,712,0,0,33,712,FALSE
South West,2020-04-18,25,737,0,0,25,737,FALSE
South West,2020-04-19,31,768,0,0,31,768,FALSE
South West,2020-04-20,26,794,0,0,26,794,FALSE
South West,2020-04-21,26,820,0,0,26,820,FALSE
South West,2020-04-22,23,843,0,0,23,843,FALSE
South West,2020-04-23,17,860,0,0,17,860,FALSE
South West,2020-04-24,19,879,2,2,21,881,FALSE
South West,2020-04-25,15,894,1,3,16,897,FALSE
South West,2020-04-26,27,921,0,3,27,924,FALSE
South West,2020-04-27,13,934,4,7,17,941,FALSE
South West,2020-04-28,17,951,1,8,18,959,FALSE
South West,2020-04-29,15,966,0,8,15,974,FALSE
South West,2020-04-30,26,992,2,10,28,1002,FALSE
South West,2020-05-01,6,998,1,11,7,1009,FALSE
South West,2020-05-02,7,1005,0,11,7,1016,FALSE
South West,2020-05-03,10,1015,3,14,13,1029,FALSE
South West,2020-05-04,17,1032,4,18,21,1050,FALSE
South West,2020-05-05,14,1046,5,23,19,1069,FALSE
South West,2020-05-06,19,1065,1,24,20,1089,FALSE
South West,2020-05-07,16,1081,1,25,17,1106,FALSE
South West,2020-05-08,6,1087,2,27,8,1114,FALSE
South West,2020-05-09,11,1098,3,30,14,1128,FALSE
South West,2020-05-10,5,1103,3,33,8,1136,FALSE
South West,2020-05-11,8,1111,2,35,10,1146,FALSE
South West,2020-05-12,7,1118,0,35,7,1153,FALSE
South West,2020-05-13,7,1125,1,36,8,1161,FALSE
South West,2020-05-14,6,1131,2,38,8,1169,FALSE
South West,2020-05-15,4,1135,2,40,6,1175,FALSE
South West,2020-05-16,4,1139,1,41,5,1180,FALSE
South West,2020-05-17,6,1145,4,45,10,1190,FALSE
South West,2020-05-18,4,1149,0,45,4,1194,FALSE
South West,2020-05-19,6,1155,2,47,8,1202,FALSE
South West,2020-05-20,1,1156,1,48,2,1204,FALSE
South West,2020-05-21,9,1165,4,52,13,1217,FALSE
South West,2020-05-22,7,1172,3,55,10,1227,FALSE
South West,2020-05-23,6,1178,1,56,7,1234,FALSE
South West,2020-05-24,3,1181,3,59,6,1240,FALSE
South West,2020-05-25,8,1189,0,59,8,1248,FALSE
South West,2020-05-26,11,1200,0,59,11,1259,FALSE
South West,2020-05-27,5,1205,2,61,7,1266,FALSE
South West,2020-05-28,10,1215,0,61,10,1276,FALSE
South West,2020-05-29,7,1222,0,61,7,1283,FALSE
South West,2020-05-30,3,1225,0,61,3,1286,FALSE
South West,2020-05-31,2,1227,3,64,5,1291,FALSE
South West,2020-06-01,7,1234,1,65,8,1299,FALSE
South West,2020-06-02,2,1236,0,65,2,1301,FALSE
South West,2020-06-03,7,1243,4,69,11,1312,FALSE
South West,2020-06-04,2,1245,1,70,3,1315,FALSE
South West,2020-06-05,2,1247,1,71,3,1318,FALSE
South West,2020-06-06,1,1248,0,71,1,1319,FALSE
South West,2020-06-07,3,1251,0,71,3,1322,FALSE
South West,2020-06-08,3,1254,1,72,4,1326,FALSE
South West,2020-06-09,0,1254,0,72,0,1326,FALSE
South West,2020-06-10,1,1255,0,72,1,1327,FALSE
South West,2020-06-11,2,1257,1,73,3,1330,FALSE
South West,2020-06-12,2,1259,1,74,3,1333,FALSE
South West,2020-06-13,2,1261,1,75,3,1336,FALSE
South West,2020-06-14,0,1261,0,75,0,1336,FALSE
South West,2020-06-15,2,1263,0,75,2,1338,FALSE
South West,2020-06-16,2,1265,3,78,5,1343,FALSE
South West,2020-06-17,0,1265,0,78,0,1343,FALSE
South West,2020-06-18,0,1265,0,78,0,1343,FALSE
South West,2020-06-19,0,1265,1,79,1,1344,FALSE
South West,2020-06-20,2,1267,0,79,2,1346,FALSE
South West,2020-06-21,0,1267,0,79,0,1346,FALSE
South West,2020-06-22,1,1268,0,79,1,1347,FALSE
South West,2020-06-23,1,1269,0,79,1,1348,FALSE
South West,2020-06-24,1,1270,0,79,1,1349,FALSE
South West,2020-06-25,0,1270,0,79,0,1349,FALSE
South West,2020-06-26,3,1273,0,79,3,1352,FALSE
South West,2020-06-27,0,1273,0,79,0,1352,FALSE
South West,2020-06-28,0,1273,0,79,0,1352,FALSE
South West,2020-06-29,1,1274,0,79,1,1353,FALSE
South West,2020-06-30,0,1274,1,80,1,1354,FALSE
South West,2020-07-01,0,1274,0,80,0,1354,FALSE
South West,2020-07-02,0,1274,0,80,0,1354,FALSE
South West,2020-07-03,0,1274,0,80,0,1354,FALSE
South West,2020-07-04,0,1274,1,81,1,1355,FALSE
South West,2020-07-05,1,1275,0,81,1,1356,FALSE
South West,2020-07-06,0,1275,1,82,1,1357,FALSE
South West,2020-07-07,0,1275,1,83,1,1358,FALSE
South West,2020-07-08,2,1277,0,83,2,1360,FALSE
South West,2020-07-09,0,1277,0,83,0,1360,FALSE
South West,2020-07-10,1,1278,0,83,1,1361,FALSE
South West,2020-07-11,0,1278,0,83,0,1361,FALSE
South West,2020-07-12,0,1278,0,83,0,1361,FALSE
South West,2020-07-13,1,1279,0,83,1,1362,FALSE
South West,2020-07-14,0,1279,0,83,0,1362,FALSE
South West,2020-07-15,0,1279,0,83,0,1362,FALSE
South West,2020-07-16,0,1279,1,84,1,1363,FALSE
South West,2020-07-17,1,1280,0,84,1,1364,FALSE
South West,2020-07-18,0,1280,0,84,0,1364,FALSE
South West,2020-07-19,0,1280,0,84,0,1364,FALSE
South West,2020-07-20,0,1280,1,85,1,1365,FALSE
South West,2020-07-21,0,1280,0,85,0,1365,FALSE
South West,2020-07-22,0,1280,0,85,0,1365,FALSE
South West,2020-07-23,0,1280,0,85,0,1365,FALSE
South West,2020-07-24,0,1280,0,85,0,1365,FALSE
South West,2020-07-25,0,1280,0,85,0,1365,FALSE
South West,2020-07-26,0,1280,0,85,0,1365,FALSE
South West,2020-07-27,0,1280,0,85,0,1365,FALSE
South West,2020-07-28,0,1280,0,85,0,1365,FALSE
South West,2020-07-29,0,1280,0,85,0,1365,FALSE
South West,2020-07-30,1,1281,0,85,1,1366,FALSE
South West,2020-07-31,0,1281,0,85,0,1366,FALSE
South West,2020-08-01,0,1281,0,85,0,1366,FALSE
South West,2020-08-02,0,1281,0,85,0,1366,FALSE
South West,2020-08-03,0,1281,0,85,0,1366,FALSE
South West,2020-08-04,0,1281,0,85,0,1366,FALSE
South West,2020-08-05,0,1281,0,85,0,1366,FALSE
South West,2020-08-06,0,1281,0,85,0,1366,FALSE
South West,2020-08-07,0,1281,0,85,0,1366,FALSE
South West,2020-08-08,0,1281,0,85,0,1366,FALSE
South West,2020-08-09,0,1281,0,85,0,1366,FALSE
South West,2020-08-10,0,1281,0,85,0,1366,FALSE
South West,2020-08-11,0,1281,0,85,0,1366,FALSE
South West,2020-08-12,0,1281,0,85,0,1366,FALSE
South West,2020-08-13,0,1281,0,85,0,1366,FALSE
South West,2020-08-14,1,1282,0,85,1,1367,FALSE
South West,2020-08-15,0,1282,0,85,0,1367,FALSE
South West,2020-08-16,0,1282,0,85,0,1367,FALSE
South West,2020-08-17,2,1284,0,85,2,1369,FALSE
South West,2020-08-18,0,1284,0,85,0,1369,FALSE
South West,2020-08-19,0,1284,0,85,0,1369,FALSE
South West,2020-08-20,0,1284,1,86,1,1370,FALSE
South West,2020-08-21,0,1284,0,86,0,1370,FALSE
South West,2020-08-22,0,1284,0,86,0,1370,FALSE
South West,2020-08-23,0,1284,0,86,0,1370,FALSE
South West,2020-08-24,0,1284,0,86,0,1370,FALSE
South West,2020-08-25,1,1285,0,86,1,1371,FALSE
South West,2020-08-26,0,1285,0,86,0,1371,FALSE
South West,2020-08-27,1,1286,0,86,1,1372,FALSE
South West,2020-08-28,0,1286,1,87,1,1373,FALSE
South West,2020-08-29,0,1286,0,87,0,1373,FALSE
South West,2020-08-30,0,1286,0,87,0,1373,FALSE
South West,2020-08-31,0,1286,0,87,0,1373,FALSE
South West,2020-09-01,0,1286,0,87,0,1373,FALSE
South West,2020-09-02,0,1286,0,87,0,1373,FALSE
South West,2020-09-03,0,1286,1,88,1,1374,FALSE
South West,2020-09-04,0,1286,0,88,0,1374,FALSE
South West,2020-09-05,0,1286,0,88,0,1374,FALSE
South West,2020-09-06,0,1286,0,88,0,1374,FALSE
South West,2020-09-07,0,1286,0,88,0,1374,FALSE
South West,2020-09-08,1,1287,0,88,1,1375,FALSE
South West,2020-09-09,0,1287,0,88,0,1375,FALSE
South West,2020-09-10,0,1287,0,88,0,1375,FALSE
South West,2020-09-11,0,1287,0,88,0,1375,FALSE
South West,2020-09-12,0,1287,0,88,0,1375,FALSE
South West,2020-09-13,1,1288,0,88,1,1376,FALSE
South West,2020-09-14,0,1288,0,88,0,1376,FALSE
South West,2020-09-15,0,1288,1,89,1,1377,FALSE
South West,2020-09-16,0,1288,0,89,0,1377,FALSE
South West,2020-09-17,1,1289,0,89,1,1378,FALSE
South West,2020-09-18,0,1289,1,90,1,1379,FALSE
South West,2020-09-19,0,1289,0,90,0,1379,FALSE
South West,2020-09-20,1,1290,0,90,1,1380,FALSE
South West,2020-09-21,0,1290,0,90,0,1380,FALSE
South West,2020-09-22,0,1290,0,90,0,1380,FALSE
South West,2020-09-23,0,1290,0,90,0,1380,FALSE
South West,2020-09-24,1,1291,1,91,2,1382,FALSE
South West,2020-09-25,0,1291,0,91,0,1382,FALSE
South West,2020-09-26,0,1291,0,91,0,1382,FALSE
South West,2020-09-27,0,1291,0,91,0,1382,FALSE
South West,2020-09-28,0,1291,0,91,0,1382,FALSE
South West,2020-09-29,0,1291,0,91,0,1382,FALSE
South West,2020-09-30,0,1291,0,91,0,1382,FALSE
South West,2020-10-01,0,1291,0,91,0,1382,FALSE
South West,2020-10-02,1,1292,0,91,1,1383,FALSE
South West,2020-10-03,0,1292,0,91,0,1383,FALSE
South West,2020-10-04,0,1292,0,91,0,1383,FALSE
South West,2020-10-05,0,1292,0,91,0,1383,FALSE
South West,2020-10-06,1,1293,0,91,1,1384,FALSE
South West,2020-10-07,0,1293,0,91,0,1384,FALSE
South West,2020-10-08,1,1294,0,91,1,1385,FALSE
South West,2020-10-09,1,1295,0,91,1,1386,FALSE
South West,2020-10-10,0,1295,0,91,0,1386,FALSE
South West,2020-10-11,4,1299,0,91,4,1390,FALSE
South West,2020-10-12,2,1301,0,91,2,1392,FALSE
South West,2020-10-13,0,1301,0,91,0,1392,FALSE
South West,2020-10-14,3,1304,0,91,3,1395,FALSE
South West,2020-10-15,1,1305,0,91,1,1396,FALSE
South West,2020-10-16,2,1307,0,91,2,1398,FALSE
South West,2020-10-17,8,1315,0,91,8,1406,FALSE
South West,2020-10-18,2,1317,0,91,2,1408,FALSE
South West,2020-10-19,2,1319,0,91,2,1410,FALSE
South West,2020-10-20,3,1322,0,91,3,1413,FALSE
South West,2020-10-21,6,1328,0,91,6,1419,FALSE
South West,2020-10-22,6,1334,0,91,6,1425,FALSE
South West,2020-10-23,5,1339,0,91,5,1430,FALSE
South West,2020-10-24,5,1344,0,91,5,1435,FALSE
South West,2020-10-25,5,1349,0,91,5,1440,FALSE
South West,2020-10-26,7,1356,0,91,7,1447,FALSE
South West,2020-10-27,6,1362,0,91,6,1453,FALSE
South West,2020-10-28,8,1370,0,91,8,1461,FALSE
South West,2020-10-29,11,1381,0,91,11,1472,FALSE
South West,2020-10-30,8,1389,1,92,9,1481,FALSE
South West,2020-10-31,5,1394,1,93,6,1487,FALSE
South West,2020-11-01,5,1399,0,93,5,1492,FALSE
South West,2020-11-02,11,1410,0,93,11,1503,FALSE
South West,2020-11-03,7,1417,2,95,9,1512,FALSE
South West,2020-11-04,8,1425,1,96,9,1521,FALSE
South West,2020-11-05,5,1430,1,97,6,1527,FALSE
South West,2020-11-06,11,1441,0,97,11,1538,FALSE
South West,2020-11-07,10,1451,0,97,10,1548,FALSE
South West,2020-11-08,10,1461,0,97,10,1558,FALSE
South West,2020-11-09,12,1473,0,97,12,1570,FALSE
South West,2020-11-10,6,1479,0,97,6,1576,FALSE
South West,2020-11-11,13,1492,0,97,13,1589,FALSE
South West,2020-11-12,17,1509,0,97,17,1606,FALSE
South West,2020-11-13,9,1518,1,98,10,1616,FALSE
South West,2020-11-14,8,1526,0,98,8,1624,FALSE
South West,2020-11-15,16,1542,3,101,19,1643,FALSE
South West,2020-11-16,20,1562,0,101,20,1663,FALSE
South West,2020-11-17,17,1579,0,101,17,1680,FALSE
South West,2020-11-18,26,1605,0,101,26,1706,FALSE
South West,2020-11-19,15,1620,0,101,15,1721,FALSE
South West,2020-11-20,25,1645,1,102,26,1747,FALSE
South West,2020-11-21,25,1670,0,102,25,1772,FALSE
South West,2020-11-22,24,1694,2,104,26,1798,FALSE
South West,2020-11-23,14,1708,1,105,15,1813,FALSE
South West,2020-11-24,20,1728,0,105,20,1833,FALSE
South West,2020-11-25,25,1753,0,105,25,1858,FALSE
South West,2020-11-26,16,1769,0,105,16,1874,FALSE
South West,2020-11-27,21,1790,1,106,22,1896,FALSE
South West,2020-11-28,35,1825,1,107,36,1932,FALSE
South West,2020-11-29,15,1840,2,109,17,1949,FALSE
South West,2020-11-30,22,1862,1,110,23,1972,FALSE
South West,2020-12-01,19,1881,0,110,19,1991,FALSE
South West,2020-12-02,15,1896,2,112,17,2008,FALSE
South West,2020-12-03,14,1910,1,113,15,2023,FALSE
South West,2020-12-04,20,1930,1,114,21,2044,FALSE
South West,2020-12-05,17,1947,0,114,17,2061,FALSE
South West,2020-12-06,13,1960,1,115,14,2075,FALSE
South West,2020-12-07,16,1976,0,115,16,2091,FALSE
South West,2020-12-08,19,1995,0,115,19,2110,FALSE
South West,2020-12-09,22,2017,0,115,22,2132,FALSE
South West,2020-12-10,21,2038,2,117,23,2155,FALSE
South West,2020-12-11,20,2058,1,118,21,2176,FALSE
South West,2020-12-12,15,2073,5,123,20,2196,FALSE
South West,2020-12-13,19,2092,1,124,20,2216,FALSE
South West,2020-12-14,20,2112,1,125,21,2237,FALSE
South West,2020-12-15,20,2132,0,125,20,2257,FALSE
South West,2020-12-16,9,2141,1,126,10,2267,FALSE
South West,2020-12-17,26,2167,0,126,26,2293,FALSE
South West,2020-12-18,11,2178,2,128,13,2306,FALSE
South West,2020-12-19,22,2200,0,128,22,2328,FALSE
South West,2020-12-20,19,2219,0,128,19,2347,FALSE
South West,2020-12-21,22,2241,0,128,22,2369,FALSE
South West,2020-12-22,11,2252,3,131,14,2383,FALSE
South West,2020-12-23,16,2268,5,136,21,2404,FALSE
South West,2020-12-24,18,2286,0,136,18,2422,FALSE
South West,2020-12-25,19,2305,1,137,20,2442,FALSE
South West,2020-12-26,24,2329,2,139,26,2468,FALSE
South West,2020-12-27,24,2353,0,139,24,2492,FALSE
South West,2020-12-28,21,2374,1,140,22,2514,FALSE
South West,2020-12-29,20,2394,1,141,21,2535,FALSE
South West,2020-12-30,17,2411,0,141,17,2552,FALSE
South West,2020-12-31,28,2439,1,142,29,2581,FALSE
South West,2021-01-01,29,2468,4,146,33,2614,FALSE
South West,2021-01-02,25,2493,1,147,26,2640,FALSE
South West,2021-01-03,28,2521,1,148,29,2669,FALSE
South West,2021-01-04,33,2554,0,148,33,2702,FALSE
South West,2021-01-05,31,2585,1,149,32,2734,FALSE
South West,2021-01-06,27,2612,1,150,28,2762,FALSE
South West,2021-01-07,31,2643,5,155,36,2798,FALSE
South West,2021-01-08,34,2677,0,155,34,2832,FALSE
South West,2021-01-09,26,2703,2,157,28,2860,FALSE
South West,2021-01-10,34,2737,2,159,36,2896,FALSE
South West,2021-01-11,40,2777,0,159,40,2936,FALSE
South West,2021-01-12,53,2830,3,162,56,2992,FALSE
South West,2021-01-13,43,2873,1,163,44,3036,FALSE
South West,2021-01-14,39,2912,0,163,39,3075,FALSE
South West,2021-01-15,47,2959,4,167,51,3126,FALSE
South West,2021-01-16,57,3016,1,168,58,3184,FALSE
South West,2021-01-17,44,3060,2,170,46,3230,FALSE
South West,2021-01-18,47,3107,1,171,48,3278,FALSE
South West,2021-01-19,47,3154,2,173,49,3327,FALSE
South West,2021-01-20,65,3219,1,174,66,3393,FALSE
South West,2021-01-21,63,3282,2,176,65,3458,FALSE
South West,2021-01-22,62,3344,2,178,64,3522,FALSE
South West,2021-01-23,54,3398,1,179,55,3577,FALSE
South West,2021-01-24,59,3457,1,180,60,3637,FALSE
South West,2021-01-25,62,3519,2,182,64,3701,FALSE
South West,2021-01-26,47,3566,0,182,47,3748,FALSE
South West,2021-01-27,47,3613,4,186,51,3799,FALSE
South West,2021-01-28,53,3666,1,187,54,3853,FALSE
South West,2021-01-29,42,3708,1,188,43,3896,FALSE
South West,2021-01-30,39,3747,1,189,40,3936,FALSE
South West,2021-01-31,36,3783,1,190,37,3973,FALSE
South West,2021-02-01,29,3812,1,191,30,4003,FALSE
South West,2021-02-02,38,3850,1,192,39,4042,FALSE
South West,2021-02-03,32,3882,1,193,33,4075,FALSE
South West,2021-02-04,34,3916,1,194,35,4110,FALSE
South West,2021-02-05,25,3941,4,198,29,4139,FALSE
South West,2021-02-06,39,3980,2,200,41,4180,FALSE
South West,2021-02-07,36,4016,2,202,38,4218,FALSE
South West,2021-02-08,32,4048,2,204,34,4252,FALSE
South West,2021-02-09,32,4080,1,205,33,4285,FALSE
South West,2021-02-10,19,4099,1,206,20,4305,FALSE
South West,2021-02-11,20,4119,2,208,22,4327,FALSE
South West,2021-02-12,29,4148,4,212,33,4360,FALSE
South West,2021-02-13,30,4178,0,212,30,4390,FALSE
South West,2021-02-14,19,4197,4,216,23,4413,FALSE
South West,2021-02-15,22,4219,2,218,24,4437,FALSE
South West,2021-02-16,12,4231,1,219,13,4450,FALSE
South West,2021-02-17,20,4251,1,220,21,4471,FALSE
South West,2021-02-18,21,4272,2,222,23,4494,FALSE
South West,2021-02-19,19,4291,3,225,22,4516,FALSE
South West,2021-02-20,14,4305,3,228,17,4533,FALSE
South West,2021-02-21,17,4322,2,230,19,4552,FALSE
South West,2021-02-22,12,4334,1,231,13,4565,FALSE
South West,2021-02-23,6,4340,4,235,10,4575,FALSE
South West,2021-02-24,11,4351,5,240,16,4591,FALSE
South West,2021-02-25,13,4364,1,241,14,4605,FALSE
South West,2021-02-26,7,4371,1,242,8,4613,FALSE
South West,2021-02-27,7,4378,3,245,10,4623,FALSE
South West,2021-02-28,11,4389,3,248,14,4637,FALSE
South West,2021-03-01,15,4404,0,248,15,4652,FALSE
South West,2021-03-02,8,4412,0,248,8,4660,FALSE
South West,2021-03-03,3,4415,1,249,4,4664,FALSE
South West,2021-03-04,5,4420,2,251,7,4671,FALSE
South West,2021-03-05,4,4424,0,251,4,4675,FALSE
South West,2021-03-06,7,4431,2,253,9,4684,FALSE
South West,2021-03-07,1,4432,1,254,2,4686,FALSE
South West,2021-03-08,9,4441,2,256,11,4697,FALSE
South West,2021-03-09,4,4445,3,259,7,4704,FALSE
South West,2021-03-10,4,4449,2,261,6,4710,FALSE
South West,2021-03-11,3,4452,1,262,4,4714,FALSE
South West,2021-03-12,3,4455,0,262,3,4717,FALSE
South West,2021-03-13,5,4460,1,263,6,4723,FALSE
South West,2021-03-14,2,4462,2,265,4,4727,FALSE
South West,2021-03-15,3,4465,0,265,3,4730,FALSE
South West,2021-03-16,2,4467,1,266,3,4733,FALSE
South West,2021-03-17,4,4471,0,266,4,4737,FALSE
South West,2021-03-18,1,4472,0,266,1,4738,FALSE
South West,2021-03-19,3,4475,0,266,3,4741,FALSE
South West,2021-03-20,1,4476,0,266,1,4742,FALSE
South West,2021-03-21,4,4480,1,267,5,4747,FALSE
South West,2021-03-22,2,4482,0,267,2,4749,FALSE
South West,2021-03-23,2,4484,1,268,3,4752,FALSE
South West,2021-03-24,1,4485,0,268,1,4753,FALSE
South West,2021-03-25,2,4487,1,269,3,4756,FALSE
South West,2021-03-26,1,4488,1,270,2,4758,FALSE
South West,2021-03-27,1,4489,0,270,1,4759,FALSE
South West,2021-03-28,1,4490,0,270,1,4760,FALSE
South West,2021-03-29,0,4490,1,271,1,4761,FALSE
South West,2021-03-30,0,4490,1,272,1,4762,FALSE
South West,2021-03-31,2,4492,0,272,2,4764,FALSE
South West,2021-04-01,1,4493,0,272,1,4765,FALSE
South West,2021-04-02,0,4493,0,272,0,4765,FALSE
South West,2021-04-03,2,4495,0,272,2,4767,FALSE
South West,2021-04-04,1,4496,0,272,1,4768,FALSE
South West,2021-04-05,2,4498,2,274,4,4772,FALSE
South West,2021-04-06,0,4498,0,274,0,4772,FALSE
South West,2021-04-07,3,4501,1,275,4,4776,FALSE
South West,2021-04-08,2,4503,0,275,2,4778,FALSE
South West,2021-04-09,1,4504,1,276,2,4780,FALSE
South West,2021-04-10,1,4505,0,276,1,4781,FALSE
South West,2021-04-11,1,4506,1,277,2,4783,FALSE
South West,2021-04-12,2,4508,0,277,2,4785,FALSE
South West,2021-04-13,0,4508,1,278,1,4786,FALSE
South West,2021-04-14,0,4508,0,278,0,4786,FALSE
South West,2021-04-15,0,4508,0,278,0,4786,FALSE
South West,2021-04-16,0,4508,0,278,0,4786,FALSE
South West,2021-04-17,2,4510,0,278,2,4788,FALSE
South West,2021-04-18,1,4511,0,278,1,4789,FALSE
South West,2021-04-19,0,4511,0,278,0,4789,FALSE
South West,2021-04-20,2,4513,0,278,2,4791,FALSE
South West,2021-04-21,3,4516,0,278,3,4794,FALSE
South West,2021-04-22,4,4520,0,278,4,4798,FALSE
South West,2021-04-23,1,4521,0,278,1,4799,FALSE
South West,2021-04-24,0,4521,0,278,0,4799,FALSE
South West,2021-04-25,0,4521,0,278,0,4799,FALSE
South West,2021-04-26,1,4522,0,278,1,4800,FALSE
South West,2021-04-27,1,4523,0,278,1,4801,FALSE
South West,2021-04-28,2,4525,0,278,2,4803,FALSE
South West,2021-04-29,1,4526,0,278,1,4804,FALSE
South West,2021-04-30,2,4528,0,278,2,4806,FALSE
South West,2021-05-01,0,4528,0,278,0,4806,FALSE
South West,2021-05-02,2,4530,0,278,2,4808,FALSE
South West,2021-05-03,1,4531,0,278,1,4809,FALSE
South West,2021-05-04,2,4533,0,278,2,4811,FALSE
South West,2021-05-05,0,4533,0,278,0,4811,FALSE
South West,2021-05-06,0,4533,0,278,0,4811,FALSE
South West,2021-05-07,1,4534,0,278,1,4812,FALSE
South West,2021-05-08,1,4535,0,278,1,4813,FALSE
South West,2021-05-09,1,4536,0,278,1,4814,FALSE
South West,2021-05-10,0,4536,0,278,0,4814,FALSE
South West,2021-05-11,0,4536,0,278,0,4814,FALSE
South West,2021-05-12,0,4536,0,278,0,4814,FALSE
South West,2021-05-13,0,4536,0,278,0,4814,FALSE
South West,2021-05-14,0,4536,0,278,0,4814,FALSE
South West,2021-05-15,0,4536,1,279,1,4815,FALSE
South West,2021-05-16,0,4536,0,279,0,4815,FALSE
South West,2021-05-17,0,4536,0,279,0,4815,FALSE
South West,2021-05-18,0,4536,0,279,0,4815,FALSE
South West,2021-05-19,1,4537,0,279,1,4816,FALSE
South West,2021-05-20,0,4537,0,279,0,4816,FALSE
South West,2021-05-21,0,4537,1,280,1,4817,FALSE
South West,2021-05-22,0,4537,0,280,0,4817,FALSE
South West,2021-05-23,0,4537,0,280,0,4817,FALSE
South West,2021-05-24,0,4537,0,280,0,4817,FALSE
South West,2021-05-25,0,4537,0,280,0,4817,FALSE
South West,2021-05-26,0,4537,0,280,0,4817,FALSE
South West,2021-05-27,0,4537,0,280,0,4817,FALSE
South West,2021-05-28,0,4537,0,280,0,4817,FALSE
South West,2021-05-29,0,4537,0,280,0,4817,FALSE
South West,2021-05-30,0,4537,1,281,1,4818,FALSE
South West,2021-05-31,0,4537,0,281,0,4818,FALSE
South West,2021-06-01,0,4537,0,281,0,4818,FALSE
South West,2021-06-02,0,4537,0,281,0,4818,FALSE
South West,2021-06-03,0,4537,0,281,0,4818,FALSE
South West,2021-06-04,0,4537,0,281,0,4818,FALSE
South West,2021-06-05,0,4537,0,281,0,4818,FALSE
South West,2021-06-06,0,4537,0,281,0,4818,FALSE
South West,2021-06-07,0,4537,0,281,0,4818,FALSE
South West,2021-06-08,0,4537,0,281,0,4818,FALSE
South West,2021-06-09,0,4537,0,281,0,4818,FALSE
South West,2021-06-10,1,4538,0,281,1,4819,FALSE
South West,2021-06-11,0,4538,0,281,0,4819,FALSE
South West,2021-06-12,0,4538,0,281,0,4819,FALSE
South West,2021-06-13,0,4538,0,281,0,4819,FALSE
South West,2021-06-14,0,4538,0,281,0,4819,FALSE
South West,2021-06-15,0,4538,0,281,0,4819,FALSE
South West,2021-06-16,0,4538,0,281,0,4819,FALSE
South West,2021-06-17,0,4538,0,281,0,4819,FALSE
South West,2021-06-18,0,4538,0,281,0,4819,FALSE
South West,2021-06-19,0,4538,0,281,0,4819,FALSE
South West,2021-06-20,1,4539,0,281,1,4820,FALSE
South West,2021-06-21,0,4539,0,281,0,4820,FALSE
South West,2021-06-22,0,4539,0,281,0,4820,FALSE
South West,2021-06-23,0,4539,0,281,0,4820,FALSE
South West,2021-06-24,0,4539,0,281,0,4820,FALSE
South West,2021-06-25,1,4540,1,282,2,4822,FALSE
South West,2021-06-26,0,4540,0,282,0,4822,FALSE
South West,2021-06-27,2,4542,0,282,2,4824,FALSE
South West,2021-06-28,0,4542,0,282,0,4824,FALSE
South West,2021-06-29,1,4543,0,282,1,4825,FALSE
South West,2021-06-30,0,4543,0,282,0,4825,FALSE
South West,2021-07-01,0,4543,0,282,0,4825,FALSE
South West,2021-07-02,1,4544,0,282,1,4826,FALSE
South West,2021-07-03,2,4546,0,282,2,4828,FALSE
South West,2021-07-04,1,4547,0,282,1,4829,FALSE
South West,2021-07-05,0,4547,0,282,0,4829,FALSE
South West,2021-07-06,0,4547,0,282,0,4829,FALSE
South West,2021-07-07,0,4547,2,284,2,4831,FALSE
South West,2021-07-08,0,4547,0,284,0,4831,FALSE
South West,2021-07-09,1,4548,0,284,1,4832,FALSE
South West,2021-07-10,1,4549,0,284,1,4833,FALSE
South West,2021-07-11,1,4550,0,284,1,4834,FALSE
South West,2021-07-12,4,4554,0,284,4,4838,FALSE
South West,2021-07-13,0,4554,0,284,0,4838,FALSE
South West,2021-07-14,1,4555,1,285,2,4840,FALSE
South West,2021-07-15,1,4556,0,285,1,4841,FALSE
South West,2021-07-16,0,4556,0,285,0,4841,FALSE
South West,2021-07-17,5,4561,0,285,5,4846,FALSE
South West,2021-07-18,4,4565,0,285,4,4850,FALSE
South West,2021-07-19,2,4567,0,285,2,4852,FALSE
South West,2021-07-20,0,4567,0,285,0,4852,FALSE
South West,2021-07-21,1,4568,0,285,1,4853,FALSE
South West,2021-07-22,5,4573,0,285,5,4858,FALSE
South West,2021-07-23,8,4581,0,285,8,4866,FALSE
South West,2021-07-24,2,4583,0,285,2,4868,FALSE
South West,2021-07-25,4,4587,0,285,4,4872,FALSE
South West,2021-07-26,1,4588,0,285,1,4873,FALSE
South West,2021-07-27,4,4592,0,285,4,4877,FALSE
South West,2021-07-28,4,4596,0,285,4,4881,FALSE
South West,2021-07-29,1,4597,0,285,1,4882,FALSE
South West,2021-07-30,3,4600,0,285,3,4885,FALSE
South West,2021-07-31,3,4603,0,285,3,4888,FALSE
South West,2021-08-01,6,4609,0,285,6,4894,FALSE
South West,2021-08-02,5,4614,0,285,5,4899,FALSE
South West,2021-08-03,4,4618,2,287,6,4905,FALSE
South West,2021-08-04,4,4622,0,287,4,4909,FALSE
South West,2021-08-05,2,4624,0,287,2,4911,FALSE
South West,2021-08-06,5,4629,0,287,5,4916,FALSE
South West,2021-08-07,4,4633,0,287,4,4920,FALSE
South West,2021-08-08,7,4640,0,287,7,4927,FALSE
South West,2021-08-09,5,4645,0,287,5,4932,FALSE
South West,2021-08-10,4,4649,1,288,5,4937,FALSE
South West,2021-08-11,2,4651,0,288,2,4939,FALSE
South West,2021-08-12,6,4657,0,288,6,4945,FALSE
South West,2021-08-13,2,4659,0,288,2,4947,FALSE
South West,2021-08-14,6,4665,0,288,6,4953,FALSE
South West,2021-08-15,2,4667,0,288,2,4955,FALSE
South West,2021-08-16,3,4670,0,288,3,4958,FALSE
South West,2021-08-17,5,4675,0,288,5,4963,FALSE
South West,2021-08-18,6,4681,0,288,6,4969,FALSE
South West,2021-08-19,7,4688,0,288,7,4976,FALSE
South West,2021-08-20,7,4695,0,288,7,4983,FALSE
South West,2021-08-21,6,4701,0,288,6,4989,FALSE
South West,2021-08-22,10,4711,0,288,10,4999,FALSE
South West,2021-08-23,7,4718,1,289,8,5007,FALSE
South West,2021-08-24,8,4726,0,289,8,5015,FALSE
South West,2021-08-25,6,4732,0,289,6,5021,FALSE
South West,2021-08-26,10,4742,0,289,10,5031,FALSE
South West,2021-08-27,6,4748,1,290,7,5038,FALSE
South West,2021-08-28,8,4756,0,290,8,5046,FALSE
South West,2021-08-29,11,4767,0,290,11,5057,FALSE
South West,2021-08-30,7,4774,1,291,8,5065,FALSE
South West,2021-08-31,5,4779,0,291,5,5070,FALSE
South West,2021-09-01,7,4786,0,291,7,5077,FALSE
South West,2021-09-02,8,4794,0,291,8,5085,FALSE
South West,2021-09-03,6,4800,0,291,6,5091,FALSE
South West,2021-09-04,4,4804,0,291,4,5095,FALSE
South West,2021-09-05,7,4811,0,291,7,5102,FALSE
South West,2021-09-06,11,4822,1,292,12,5114,FALSE
South West,2021-09-07,10,4832,0,292,10,5124,FALSE
South West,2021-09-08,8,4840,0,292,8,5132,FALSE
South West,2021-09-09,9,4849,0,292,9,5141,FALSE
South West,2021-09-10,6,4855,0,292,6,5147,FALSE
South West,2021-09-11,8,4863,1,293,9,5156,FALSE
South West,2021-09-12,5,4868,0,293,5,5161,FALSE
South West,2021-09-13,7,4875,0,293,7,5168,FALSE
South West,2021-09-14,8,4883,1,294,9,5177,FALSE
South West,2021-09-15,6,4889,0,294,6,5183,FALSE
South West,2021-09-16,5,4894,1,295,6,5189,FALSE
South West,2021-09-17,9,4903,0,295,9,5198,FALSE
South West,2021-09-18,9,4912,0,295,9,5207,FALSE
South West,2021-09-19,3,4915,0,295,3,5210,FALSE
South West,2021-09-20,5,4920,1,296,6,5216,FALSE
South West,2021-09-21,2,4922,0,296,2,5218,FALSE
South West,2021-09-22,7,4929,1,297,8,5226,FALSE
South West,2021-09-23,7,4936,1,298,8,5234,FALSE
South West,2021-09-24,7,4943,2,300,9,5243,FALSE
South West,2021-09-25,9,4952,1,301,10,5253,FALSE
South West,2021-09-26,7,4959,0,301,7,5260,FALSE
South West,2021-09-27,8,4967,0,301,8,5268,FALSE
South West,2021-09-28,6,4973,0,301,6,5274,FALSE
South West,2021-09-29,2,4975,0,301,2,5276,FALSE
South West,2021-09-30,9,4984,0,301,9,5285,FALSE
South West,2021-10-01,6,4990,2,303,8,5293,FALSE
South West,2021-10-02,6,4996,0,303,6,5299,FALSE
South West,2021-10-03,5,5001,1,304,6,5305,FALSE
South West,2021-10-04,7,5008,0,304,7,5312,FALSE
South West,2021-10-05,4,5012,0,304,4,5316,FALSE
South West,2021-10-06,4,5016,0,304,4,5320,FALSE
South West,2021-10-07,4,5020,0,304,4,5324,FALSE
South West,2021-10-08,2,5022,1,305,3,5327,FALSE
South West,2021-10-09,7,5029,0,305,7,5334,FALSE
South West,2021-10-10,4,5033,0,305,4,5338,FALSE
South West,2021-10-11,5,5038,0,305,5,5343,FALSE
South West,2021-10-12,5,5043,0,305,5,5348,FALSE
South West,2021-10-13,5,5048,1,306,6,5354,FALSE
South West,2021-10-14,8,5056,0,306,8,5362,FALSE
South West,2021-10-15,6,5062,3,309,9,5371,FALSE
South West,2021-10-16,7,5069,0,309,7,5378,FALSE
South West,2021-10-17,7,5076,0,309,7,5385,FALSE
South West,2021-10-18,6,5082,0,309,6,5391,FALSE
South West,2021-10-19,3,5085,0,309,3,5394,FALSE
South West,2021-10-20,4,5089,0,309,4,5398,FALSE
South West,2021-10-21,10,5099,0,309,10,5408,FALSE
South West,2021-10-22,9,5108,0,309,9,5417,FALSE
South West,2021-10-23,14,5122,0,309,14,5431,FALSE
South West,2021-10-24,3,5125,0,309,3,5434,FALSE
South West,2021-10-25,8,5133,0,309,8,5442,FALSE
South West,2021-10-26,19,5152,0,309,19,5461,FALSE
South West,2021-10-27,10,5162,0,309,10,5471,FALSE
South West,2021-10-28,8,5170,0,309,8,5479,FALSE
South West,2021-10-29,11,5181,0,309,11,5490,FALSE
South West,2021-10-30,7,5188,0,309,7,5497,FALSE
South West,2021-10-31,8,5196,1,310,9,5506,FALSE
South West,2021-11-01,12,5208,1,311,13,5519,FALSE
South West,2021-11-02,11,5219,0,311,11,5530,FALSE
South West,2021-11-03,9,5228,1,312,10,5540,FALSE
South West,2021-11-04,9,5237,2,314,11,5551,FALSE
South West,2021-11-05,12,5249,0,314,12,5563,FALSE
South West,2021-11-06,10,5259,0,314,10,5573,FALSE
South West,2021-11-07,8,5267,0,314,8,5581,FALSE
South West,2021-11-08,9,5276,0,314,9,5590,FALSE
South West,2021-11-09,14,5290,0,314,14,5604,FALSE
South West,2021-11-10,9,5299,1,315,10,5614,FALSE
South West,2021-11-11,7,5306,1,316,8,5622,FALSE
South West,2021-11-12,5,5311,1,317,6,5628,FALSE
South West,2021-11-13,5,5316,0,317,5,5633,FALSE
South West,2021-11-14,10,5326,0,317,10,5643,FALSE
South West,2021-11-15,12,5338,1,318,13,5656,FALSE
South West,2021-11-16,8,5346,0,318,8,5664,FALSE
South West,2021-11-17,8,5354,0,318,8,5672,FALSE
South West,2021-11-18,7,5361,0,318,7,5679,FALSE
South West,2021-11-19,7,5368,0,318,7,5686,FALSE
South West,2021-11-20,7,5375,2,320,9,5695,FALSE
South West,2021-11-21,7,5382,1,321,8,5703,FALSE
South West,2021-11-22,9,5391,0,321,9,5712,FALSE
South West,2021-11-23,7,5398,0,321,7,5719,FALSE
South West,2021-11-24,6,5404,1,322,7,5726,FALSE
South West,2021-11-25,9,5413,1,323,10,5736,FALSE
South West,2021-11-26,6,5419,0,323,6,5742,FALSE
South West,2021-11-27,11,5430,0,323,11,5753,FALSE
South West,2021-11-28,7,5437,0,323,7,5760,FALSE
South West,2021-11-29,8,5445,1,324,9,5769,FALSE
South West,2021-11-30,5,5450,1,325,6,5775,FALSE
South West,2021-12-01,9,5459,1,326,10,5785,FALSE
South West,2021-12-02,3,5462,0,326,3,5788,FALSE
South West,2021-12-03,6,5468,0,326,6,5794,FALSE
South West,2021-12-04,7,5475,0,326,7,5801,FALSE
South West,2021-12-05,9,5484,1,327,10,5811,FALSE
South West,2021-12-06,5,5489,1,328,6,5817,FALSE
South West,2021-12-07,2,5491,0,328,2,5819,FALSE
South West,2021-12-08,10,5501,2,330,12,5831,FALSE
South West,2021-12-09,9,5510,0,330,9,5840,FALSE
South West,2021-12-10,6,5516,0,330,6,5846,FALSE
South West,2021-12-11,7,5523,0,330,7,5853,FALSE
South West,2021-12-12,7,5530,1,331,8,5861,FALSE
South West,2021-12-13,9,5539,0,331,9,5870,FALSE
South West,2021-12-14,10,5549,0,331,10,5880,FALSE
South West,2021-12-15,9,5558,1,332,10,5890,FALSE
South West,2021-12-16,10,5568,2,334,12,5902,FALSE
South West,2021-12-17,13,5581,1,335,14,5916,FALSE
South West,2021-12-18,8,5589,0,335,8,5924,FALSE
South West,2021-12-19,10,5599,0,335,10,5934,FALSE
South West,2021-12-20,4,5603,0,335,4,5938,FALSE
South West,2021-12-21,5,5608,0,335,5,5943,FALSE
South West,2021-12-22,8,5616,1,336,9,5952,FALSE
South West,2021-12-23,5,5621,1,337,6,5958,FALSE
South West,2021-12-24,2,5623,1,338,3,5961,FALSE
South West,2021-12-25,2,5625,0,338,2,5963,FALSE
South West,2021-12-26,9,5634,0,338,9,5972,FALSE
South West,2021-12-27,4,5638,0,338,4,5976,FALSE
South West,2021-12-28,13,5651,0,338,13,5989,FALSE
South West,2021-12-29,7,5658,0,338,7,5996,FALSE
South West,2021-12-30,11,5669,2,340,13,6009,FALSE
South West,2021-12-31,5,5674,0,340,5,6014,FALSE
South West,2022-01-01,9,5683,0,340,9,6023,FALSE
South West,2022-01-02,6,5689,0,340,6,6029,FALSE
South West,2022-01-03,11,5700,2,342,13,6042,FALSE
South West,2022-01-04,8,5708,0,342,8,6050,FALSE
South West,2022-01-05,11,5719,0,342,11,6061,FALSE
South West,2022-01-06,10,5729,1,343,11,6072,FALSE
South West,2022-01-07,7,5736,3,346,10,6082,FALSE
South West,2022-01-08,10,5746,1,347,11,6093,FALSE
South West,2022-01-09,8,5754,1,348,9,6102,FALSE
South West,2022-01-10,6,5760,1,349,7,6109,FALSE
South West,2022-01-11,7,5767,0,349,7,6116,FALSE
South West,2022-01-12,14,5781,0,349,14,6130,FALSE
South West,2022-01-13,8,5789,0,349,8,6138,FALSE
South West,2022-01-14,7,5796,3,352,10,6148,FALSE
South West,2022-01-15,8,5804,0,352,8,6156,FALSE
South West,2022-01-16,11,5815,1,353,12,6168,FALSE
South West,2022-01-17,8,5823,1,354,9,6177,FALSE
South West,2022-01-18,7,5830,0,354,7,6184,FALSE
South West,2022-01-19,10,5840,0,354,10,6194,FALSE
South West,2022-01-20,9,5849,0,354,9,6203,FALSE
South West,2022-01-21,8,5857,1,355,9,6212,FALSE
South West,2022-01-22,6,5863,0,355,6,6218,FALSE
South West,2022-01-23,7,5870,1,356,8,6226,FALSE
South West,2022-01-24,11,5881,1,357,12,6238,FALSE
South West,2022-01-25,14,5895,1,358,15,6253,FALSE
South West,2022-01-26,8,5903,1,359,9,6262,FALSE
South West,2022-01-27,6,5909,1,360,7,6269,FALSE
South West,2022-01-28,9,5918,0,360,9,6278,FALSE
South West,2022-01-29,6,5924,0,360,6,6284,FALSE
South West,2022-01-30,10,5934,0,360,10,6294,FALSE
South West,2022-01-31,7,5941,1,361,8,6302,FALSE
South West,2022-02-01,5,5946,0,361,5,6307,FALSE
South West,2022-02-02,15,5961,1,362,16,6323,FALSE
South West,2022-02-03,15,5976,0,362,15,6338,FALSE
South West,2022-02-04,10,5986,1,363,11,6349,FALSE
South West,2022-02-05,4,5990,1,364,5,6354,FALSE
South West,2022-02-06,9,5999,1,365,10,6364,FALSE
South West,2022-02-07,5,6004,2,367,7,6371,FALSE
South West,2022-02-08,7,6011,1,368,8,6379,FALSE
South West,2022-02-09,7,6018,0,368,7,6386,FALSE
South West,2022-02-10,9,6027,1,369,10,6396,FALSE
South West,2022-02-11,7,6034,0,369,7,6403,FALSE
South West,2022-02-12,6,6040,3,372,9,6412,FALSE
South West,2022-02-13,7,6047,0,372,7,6419,FALSE
South West,2022-02-14,7,6054,1,373,8,6427,FALSE
South West,2022-02-15,4,6058,0,373,4,6431,FALSE
South West,2022-02-16,14,6072,0,373,14,6445,FALSE
South West,2022-02-17,8,6080,2,375,10,6455,FALSE
South West,2022-02-18,6,6086,1,376,7,6462,FALSE
South West,2022-02-19,6,6092,1,377,7,6469,FALSE
South West,2022-02-20,9,6101,0,377,9,6478,FALSE
South West,2022-02-21,7,6108,1,378,8,6486,FALSE
South West,2022-02-22,6,6114,2,380,8,6494,FALSE
South West,2022-02-23,8,6122,0,380,8,6502,FALSE
South West,2022-02-24,8,6130,0,380,8,6510,FALSE
South West,2022-02-25,7,6137,1,381,8,6518,FALSE
South West,2022-02-26,5,6142,0,381,5,6523,FALSE
South West,2022-02-27,6,6148,0,381,6,6529,FALSE
South West,2022-02-28,9,6157,0,381,9,6538,FALSE
South West,2022-03-01,2,6159,0,381,2,6540,FALSE
South West,2022-03-02,6,6165,0,381,6,6546,FALSE
South West,2022-03-03,12,6177,0,381,12,6558,FALSE
South West,2022-03-04,10,6187,0,381,10,6568,FALSE
South West,2022-03-05,11,6198,0,381,11,6579,FALSE
South West,2022-03-06,6,6204,1,382,7,6586,FALSE
South West,2022-03-07,7,6211,1,383,8,6594,FALSE
South West,2022-03-08,10,6221,2,385,12,6606,FALSE
South West,2022-03-09,9,6230,0,385,9,6615,FALSE
South West,2022-03-10,13,6243,1,386,14,6629,FALSE
South West,2022-03-11,11,6254,1,387,12,6641,FALSE
South West,2022-03-12,11,6265,0,387,11,6652,FALSE
South West,2022-03-13,7,6272,0,387,7,6659,FALSE
South West,2022-03-14,15,6287,0,387,15,6674,FALSE
South West,2022-03-15,12,6299,0,387,12,6686,FALSE
South West,2022-03-16,11,6310,0,387,11,6697,FALSE
South West,2022-03-17,14,6324,0,387,14,6711,FALSE
South West,2022-03-18,16,6340,0,387,16,6727,FALSE
South West,2022-03-19,15,6355,0,387,15,6742,FALSE
South West,2022-03-20,11,6366,0,387,11,6753,FALSE
South West,2022-03-21,10,6376,0,387,10,6763,FALSE
South West,2022-03-22,10,6386,0,387,10,6773,FALSE
South West,2022-03-23,17,6403,0,387,17,6790,FALSE
South West,2022-03-24,15,6418,0,387,15,6805,FALSE
South West,2022-03-25,18,6436,1,388,19,6824,FALSE
South West,2022-03-26,16,6452,1,389,17,6841,FALSE
South West,2022-03-27,17,6469,1,390,18,6859,FALSE
South West,2022-03-28,9,6478,0,390,9,6868,FALSE
South West,2022-03-29,19,6497,0,390,19,6887,FALSE
South West,2022-03-30,14,6511,0,390,14,6901,FALSE
South West,2022-03-31,18,6529,0,390,18,6919,FALSE
South West,2022-04-01,15,6544,1,391,16,6935,FALSE
South West,2022-04-02,14,6558,1,392,15,6950,FALSE
South West,2022-04-03,21,6579,0,392,21,6971,FALSE
South West,2022-04-04,14,6593,0,392,14,6985,FALSE
South West,2022-04-05,11,6604,1,393,12,6997,FALSE
South West,2022-04-06,12,6616,1,394,13,7010,FALSE
South West,2022-04-07,20,6636,0,394,20,7030,FALSE
South West,2022-04-08,21,6657,0,394,21,7051,FALSE
South West,2022-04-09,18,6675,0,394,18,7069,FALSE
South West,2022-04-10,16,6691,1,395,17,7086,FALSE
South West,2022-04-11,20,6711,0,395,20,7106,FALSE
South West,2022-04-12,17,6728,0,395,17,7123,FALSE
South West,2022-04-13,20,6748,2,397,22,7145,FALSE
South West,2022-04-14,15,6763,1,398,16,7161,FALSE
South West,2022-04-15,11,6774,3,401,14,7175,FALSE
South West,2022-04-16,16,6790,1,402,17,7192,FALSE
South West,2022-04-17,12,6802,1,403,13,7205,FALSE
South West,2022-04-18,20,6822,0,403,20,7225,FALSE
South West,2022-04-19,15,6837,1,404,16,7241,FALSE
South West,2022-04-20,9,6846,0,404,9,7250,FALSE
South West,2022-04-21,14,6860,0,404,14,7264,FALSE
South West,2022-04-22,12,6872,1,405,13,7277,FALSE
South West,2022-04-23,10,6882,0,405,10,7287,FALSE
South West,2022-04-24,6,6888,0,405,6,7293,FALSE
South West,2022-04-25,9,6897,3,408,12,7305,FALSE
South West,2022-04-26,10,6907,0,408,10,7315,FALSE
South West,2022-04-27,8,6915,0,408,8,7323,FALSE
South West,2022-04-28,16,6931,0,408,16,7339,FALSE
South West,2022-04-29,9,6940,0,408,9,7348,FALSE
South West,2022-04-30,15,6955,0,408,15,7363,FALSE
South West,2022-05-01,7,6962,0,408,7,7370,FALSE
South West,2022-05-02,13,6975,0,408,13,7383,FALSE
South West,2022-05-03,13,6988,1,409,14,7397,FALSE
South West,2022-05-04,5,6993,0,409,5,7402,FALSE
South West,2022-05-05,6,6999,1,410,7,7409,FALSE
South West,2022-05-06,6,7005,1,411,7,7416,FALSE
South West,2022-05-07,2,7007,1,412,3,7419,FALSE
South West,2022-05-08,6,7013,1,413,7,7426,FALSE
South West,2022-05-09,3,7016,0,413,3,7429,FALSE
South West,2022-05-10,8,7024,2,415,10,7439,FALSE
South West,2022-05-11,4,7028,1,416,5,7444,FALSE
South West,2022-05-12,6,7034,0,416,6,7450,FALSE
South West,2022-05-13,9,7043,0,416,9,7459,FALSE
South West,2022-05-14,6,7049,0,416,6,7465,FALSE
South West,2022-05-15,6,7055,1,417,7,7472,FALSE
South West,2022-05-16,6,7061,0,417,6,7478,FALSE
South West,2022-05-17,4,7065,0,417,4,7482,FALSE
South West,2022-05-18,3,7068,0,417,3,7485,FALSE
South West,2022-05-19,4,7072,0,417,4,7489,FALSE
South West,2022-05-20,1,7073,0,417,1,7490,FALSE
South West,2022-05-21,3,7076,1,418,4,7494,FALSE
South West,2022-05-22,6,7082,0,418,6,7500,FALSE
South West,2022-05-23,4,7086,0,418,4,7504,FALSE
South West,2022-05-24,2,7088,1,419,3,7507,FALSE
South West,2022-05-25,3,7091,0,419,3,7510,FALSE
South West,2022-05-26,1,7092,0,419,1,7511,FALSE
South West,2022-05-27,4,7096,0,419,4,7515,FALSE
South West,2022-05-28,4,7100,1,420,5,7520,FALSE
South West,2022-05-29,3,7103,0,420,3,7523,FALSE
South West,2022-05-30,3,7106,0,420,3,7526,FALSE
South West,2022-05-31,4,7110,0,420,4,7530,FALSE
South West,2022-06-01,2,7112,1,421,3,7533,FALSE
South West,2022-06-02,7,7119,0,421,7,7540,FALSE
South West,2022-06-03,3,7122,1,422,4,7544,FALSE
South West,2022-06-04,2,7124,0,422,2,7546,FALSE
South West,2022-06-05,6,7130,0,422,6,7552,FALSE
South West,2022-06-06,2,7132,1,423,3,7555,FALSE
South West,2022-06-07,4,7136,0,423,4,7559,FALSE
South West,2022-06-08,4,7140,0,423,4,7563,FALSE
South West,2022-06-09,2,7142,0,423,2,7565,FALSE
South West,2022-06-10,4,7146,0,423,4,7569,FALSE
South West,2022-06-11,2,7148,0,423,2,7571,FALSE
South West,2022-06-12,0,7148,0,423,0,7571,FALSE
South West,2022-06-13,2,7150,0,423,2,7573,FALSE
South West,2022-06-14,2,7152,0,423,2,7575,FALSE
South West,2022-06-15,5,7157,0,423,5,7580,FALSE
South West,2022-06-16,0,7157,0,423,0,7580,FALSE
South West,2022-06-17,2,7159,0,423,2,7582,FALSE
South West,2022-06-18,1,7160,0,423,1,7583,FALSE
South West,2022-06-19,2,7162,0,423,2,7585,FALSE
South West,2022-06-20,2,7164,0,423,2,7587,FALSE
South West,2022-06-21,1,7165,0,423,1,7588,FALSE
South West,2022-06-22,2,7167,0,423,2,7590,FALSE
South West,2022-06-23,3,7170,0,423,3,7593,TRUE
South West,2022-06-24,3,7173,0,423,3,7596,TRUE
South West,2022-06-25,1,7174,0,423,1,7597,TRUE
South West,2022-06-26,1,7175,0,423,1,7598,TRUE
South West,2022-06-27,0,7175,0,423,0,7598,TRUE
